start	end	text
0	4000	全球正在觀看我們直播的戰友們 大家好
4000	7000	我是今天的主持人 Jessica Ji
7000	9000	來自紐約香草山的農場
9000	13000	今天非常有幸再次能夠跟我們的七哥
13000	17000	還有我們戰友們同框 同心 同直播
17000	20000	好的 那接下來讓我們幾位嘉賓跟大家打聲招呼
20000	22000	Rosemary 請
22000	31000	戰友們好 不好意思
31000	37000	今天非常非常的榮幸能夠跟文貴先生和戰友們同框
37000	39000	就是感到非常的榮幸
39000	42000	那我是來自秘番組
42000	47000	今天就是特別特別的高興 好像也說不出更多的
47000	50000	那就請Nick介紹一下
51000	53000	好的 各位戰友們好
53000	55000	各位主持人嘉賓還有七哥好
55000	58000	我是來自美東香草山的Nick
58000	61000	我目前在新加坡 謝謝
63000	66000	好 親愛的戰友們好 郭先生好
66000	68000	非常榮幸又跟七哥一起直播
68000	71000	還有這樣的 跟七哥一起見證歷史的時刻
71000	74000	非常榮幸 謝謝大家
74000	77000	好的 尤其我們的七哥等待已久了
77000	79000	請七哥跟大家問好 謝謝
85000	87000	沒有聲音
87000	89000	七哥沒有聲音
92000	94000	七哥沒有聲音
94000	96000	我現在沒聲音
102000	104000	我咋會沒開麥呀 我老天爺
104000	106000	我心裡還想 這些人怎麼老不開麥
106000	108000	結果我也沒開麥
108000	109000	是好
109000	110000	Jessica好 Jessica好
110000	112000	Rosemary好 Nick好
112000	113000	小哥小哥好
113000	115000	今天特別高興跟帥哥美女
115000	118000	在今天這個再次的直播
118000	120000	大家看到我今天我是新衣服
120000	122000	為啥站著呢
122000	124000	是昨天晚上到的這個新的祭帆身
124000	127000	你看看啊 這料子先看看啊
127000	129000	你看這個料 剛才你們看
129000	131000	是這個彈性的啊
131000	134000	我沒想到啊 我真的說實話啊
134000	138000	我沒想到祭帆身這一款它能做到這個樣子
138000	141000	這個就這個細節你是在鏡頭前是看不出來的
141000	143000	真的是一針一針的繡的
143000	146000	這可不是祭繡的 全一針一針繡的
146000	148000	所有的這裡邊 你看看啊
148000	151000	這裡邊 這商標在這我還沒拿出來
151000	153000	商標還在這呢 你看
153000	154000	還沒動呢
154000	157000	這個我很驚訝昨天送來
157000	158000	哇塞 我說
158000	161000	我說祭帆身竟然那麼快做出這樣的產品
161000	164000	包括你看這個繡子這個細節啊
164000	167000	然後這個彈性穿上以後的舒服感
167000	171000	然後這個領口要打開的穿一個這樣的襯衣
171000	173000	特別這個比例控制
173000	175000	你看這個每個扣子都是金屬的
175000	178000	咱們信仰之心的這個扣子
178000	180000	昨天就看到幾個人都哇哇的叫
180000	182000	哇太酷了 是吧
182000	183000	咱這叫四個兜
183000	186000	咱這四個兜跟共產黨的四個兜真不一樣
187000	189000	咱這意義也信仰之心
189000	192000	然後咱這信仰之心的扣子
192000	194000	所以你看這個祭帆性的未來啊
194000	196000	還有現在看到這個衣服的時候
196000	198000	你真的看到東西結合啊
198000	200000	後面又開氣了 是吧
200000	203000	這個感覺穿上以後你看這個舒服 是吧
203000	206000	這個騙不了人的就這種料子啊
206000	208000	而且裡邊這雙襯的料子
208000	211000	真的是太舒服太棒了
211000	213000	這未來我希望我們每個戰友啊
213000	215000	咱們見面的時候吃晚餐啊
215000	218000	或者是咱們什麼都可以穿這個衣服
218000	220000	這個褲子如果穿上馬靴的話
220000	222000	就可以當作休閒裝穿
222000	224000	這就是他的那個料子好的地方
224000	225000	所以今天先坐著
225000	227000	你沒想買沒有帶貨
227000	230000	現在總共做兩套我穿一套
230000	232000	然後另外一套給模特兒穿的
232000	234000	然後能不能賣還真不知道
234000	236000	因為這成本太貴
236000	239000	就這個衣服最大的問題就是成本的問題
239000	242000	這個衣服的成本就3000多美金
242000	244000	你去想想咋賣吧
244000	246000	成10倍就3萬美元
246000	248000	成5倍就1萬5
248000	249000	你們誰買得起啊你
249000	251000	你買起你也不穿呢
251000	252000	對不對
252000	254000	草根小哥去抄漆哥的
254000	256000	到了假的不尿你是不是
256000	258000	也不穿了也雙排口
258000	259000	什麼也雙排口
259000	260000	都不買真不尿你
260000	261000	開玩笑
261000	263000	草根哥都是真的不尿你我都知道
263000	265000	所以說這很誇張啊這個
265000	268000	好的這真貴啊真貴啊
268000	272000	但是我相信到最終咱們價格的問題能解決了
272000	274000	好咱今天講完這個了
274000	278000	咱們今天特別特別重要24號了
278000	282000	全世界可以說是在過去的72小時
282000	284000	全世界有兩大震盪
284000	287000	兩大震盪今天我們都會談到的
287000	290000	第一個就是這個川普的SPAC
290000	291000	這個公司啊
291000	293000	叫咱們戰友們都睜大了眼睛
293000	296000	哇就連我們的很多
296000	298000	跟著葉簡明
298000	300000	還有這個肖建華
300000	302000	馬化騰
302000	303000	馬雲
303000	305000	董文彪
305000	307000	還有過去的聖經的
307000	309000	還有這個北京音樂行的
309000	310000	招商音樂行的這些人
310000	312000	都是咱們戰友啊
312000	314000	那滕天蓋的都傻眼了
314000	315000	漆哥這麼玩他們
315000	316000	哇塞
316000	319000	這麼厲害短短的9塊錢一股
319000	321000	哇最高上多少股
321000	324000	最貴的你知道SPAC上最貴多少股錢一股
324000	325000	知道嗎
326000	328000	107
330000	332000	107
333000	334000	65吧
334000	336000	現在最高呢
336000	338000	50幾塊錢
343000	345000	94
347000	349000	就你們這你看完全沒搞明白吧
349000	351000	60幾吧
356000	358000	你們這上時就說
358000	360000	就亂蒙來了是不是
360000	362000	這就是因為你這判斷不好
362000	363000	就是打臉知道嗎
363000	365000	因為你會丟錢的
365000	366000	自己查
366000	368000	最高是174
369000	372000	9塊錢到了174
375000	376000	明白了嗎
376000	377000	那我請問大家啊
377000	381000	它是什麼時候開始上市的
381000	382000	一句話誰說
386000	388000	沒有人知道
388000	390000	4天前
390000	391000	4天前
395000	396000	沒人知道啊
396000	397000	18號
401000	402000	現查你也查不出來
402000	404000	這我還真沒查幾個呢
404000	405000	這玩意兒不在腦子裡
405000	407000	記得你這就是直播的妙計
407000	409000	你非要吃在心裡
409000	410000	知道嗎
410000	412000	它是9月2號上市的
413000	415000	9月2號上市的
416000	418000	9月2號就上市的
418000	419000	它已經是
419000	420000	我請問大家
420000	422000	它這個SPAC公司
422000	425000	買完以後TMTG就川普公司
425000	426000	是哪一天宣布的
431000	432000	沒人知道
432000	433000	18號吧
434000	435000	對18號
436000	437000	18號
440000	441000	沒一個答對的
442000	444000	10月20號宣布的
445000	446000	我再給你說一個
446000	447000	它的股票
447000	449000	開始市場上交易
449000	451000	是哪一天開始的
451000	452000	它上市了
452000	454000	市場上交易哪天開始的
454000	456000	20號星期幾啊
459000	460000	星期三
460000	461000	我真的沒有星期天改天
461000	462000	我問你20號星期幾啊
463000	464000	星期三
467000	468000	星期三
468000	470000	那麼它是哪一號開始交易的
472000	473000	星期四嗎
476000	478000	哪一天開始交易的
479000	480000	它宣布的
480000	481000	它上市了
481000	482000	9月2號
482000	484000	它真正的開交易的活躍股票
484000	485000	開始交易的
485000	486000	是哪一家
486000	487000	是在什麼時候
487000	488000	哪天
492000	493000	沒查明白吧
493000	496000	它是星期一開始交易的
496000	498000	也就是20號的前
498000	501000	17號開始交易
501000	502000	17號晚上開始
502000	504000	然後18號上市就交易了
504000	505000	你知道多少股嗎
505000	506000	第一天交易
508000	509000	沒人知道吧
509000	510000	在裡面做PPT
510000	511000	這就上直播前
511000	512000	就是越直播就
512000	513000	我告訴你
513000	514000	不用查
514000	515000	你查不出來
516000	517000	1000多股
518000	519000	1300股
519000	521000	星期二多少股知道嗎
523000	525000	19號多少股知道嗎
526000	527000	4萬多股
527000	528000	4萬多股
530000	532000	星期三多少股知道嗎
534000	535000	6萬多股
536000	538000	星期四多少股知道嗎
538000	539000	宣布的第二天
539000	540000	到星期五
542000	543000	交易
543000	544000	交易手量
544000	545000	我說手
545000	546000	不是股
546000	547000	交易換手率
547000	548000	我看下面戰友也沒能明白的
548000	549000	一到具體
549000	550000	大家就傻了
550000	551000	400萬股
551000	552000	不對的
554000	556000	從星期四的
556000	557000	400萬股
557000	558000	花到了星期五
558000	559000	就600多萬股
560000	561000	6個million的股
561000	562000	然後呢
562000	563000	路上什麼
563000	565000	60萬幾手
566000	567000	大家看到了嗎
568000	569000	看到了嗎
572000	574000	那麼我請問一個關鍵的問題
574000	575000	剛才那個PPT
575000	576000	一會兒要誰做的啊
576000	577000	我要先問一個問題
577000	578000	不知道PPT
578000	579000	我沒看你們PPT
579000	580000	我請問大家一個
580000	581000	兩個核心的問題
582000	584000	戰友們在下面留言啊
584000	587000	整個從上市到離開
588000	589000	到星期五啊
589000	591000	星期五離場以後
591000	592000	場外有交易
593000	594000	你們幾個先回答
594000	595000	你四個
595000	596000	你知道多少錢嗎
596000	597000	現在它的股市
597000	598000	它的股價
599000	600000	收市的時候94
600000	601000	大家都知道94
601000	602000	漲了10倍
602000	603000	整整的11倍
604000	605000	你知道收市是多少錢嗎
612000	613000	我再重申一遍
613000	614000	到星期五的時候
615000	616000	60萬手
617000	620000	60萬手就是600多萬到700萬
621000	623000	就是這個股債交易啊
624000	625000	10股一手
626000	627000	你去想想啊
627000	628000	最核心的問題
628000	629000	到星期五收市的時候
629000	630000	它是96
631000	632000	到場外現在多少錢不知道吧
633000	634000	星期五的兩個小時以後
634000	635000	就變成45
635000	636000	45塊了
637000	638000	就45了
638000	640000	45174
640000	641000	收市94
641000	642000	到45
643000	645000	從一千多股的
646000	647000	一千多股
648000	649000	第一天上市的交易
649000	650000	一千多股
650000	651000	一千多手
651000	652000	到最後的是
653000	654000	大家算一算
655000	656000	600多萬手
658000	659000	你去想想
659000	660000	核心的問題來了
660000	661000	我請問大家
661000	663000	所有這些買賣當中
663000	665000	是都有多少個基金來玩的
665000	666000	多少
666000	667000	第一個問題啊
667000	668000	戰友們回答啊
668000	670000	多少個基金
670000	671000	整個是運作
671000	672000	來買賣
672000	673000	參與
673000	674000	投資
674000	675000	股東
675000	676000	賣掉多少個基金
676000	677000	這是核心的問題
677000	678000	你不懂這個
678000	679000	你不用談SPAC
679000	680000	完全是蒙的
681000	682000	戰友們有留言嗎
686000	687000	我回答了
687000	689000	以後打2000個瞎蒙的啊
690000	691000	完全想多少基金
691000	692000	800個基金
693000	695000	1000個基金
695000	696000	200個基金
696000	697000	20個基金
697000	698000	200個基金
698000	699000	一個個位數吧
699000	700000	8到10個
700000	701000	一個
701000	702000	這就是大家全蒙了
702000	703000	這些看起來
703000	704000	咱們的
704000	705000	咱們的大直播
705000	706000	希望戰友們能長腦了
706000	707000	直播完以後
707000	708000	你們就知道未來
708000	709000	閉著眼睛就知道
709000	710000	誰是在玩
710000	711000	玩套空狼了
711000	712000	誰在蒙你的
712000	714000	天王老子他靠你錢
714000	715000	他也不是你天王老子
715000	716000	他是你的敵人
717000	718000	我讓大家今天直播
718000	719000	就在看這個
719000	721000	什麼20個都瞎蒙的
721000	722000	就一個呀
722000	723000	什麼30個呀
723000	724000	還有1萬個都瞎扯的
724000	725000	5個
725000	726000	你們一會兒
726000	728000	誰做這個PPT
728000	729000	傑西卡
729000	730000	這個畫面
730000	731000	今天是柯小哥
731000	732000	今天來講
733000	734000	你先亮出來
734000	735000	先亮出來
735000	736000	我看你這玩意
736000	737000	咱別丟人
737000	738000	咱別丟人
738000	739000	你要不行的話
739000	740000	我來我告訴你來
740000	741000	你先亮一亮
741000	742000	叫我摟一眼
742000	743000	我看看
746000	747000	再往下
747000	748000	講的主要是
748000	749000	背後這個吳征
749000	750000	你先別做了
750000	751000	小朋友給我看你咋做的
751000	752000	往下走
759000	760000	好
760000	761000	回到第一頁
761000	762000	回到第一頁
762000	763000	巧合小哥
763000	764000	你最快的時間來做
764000	765000	基本上都做了
765000	766000	先做吧
769000	771000	其實這個水平
771000	773000	我還真不一定能做的出來
773000	774000	幾個
779000	780000	不用
781000	782000	好
782000	783000	好了
787000	788000	小哥小哥
788000	790000	需要我現在來讀一下嗎
790000	791000	是的
791000	792000	你現在把PPT
793000	794000	好的
794000	795000	那我快速讀一下
795000	798000	在2018年12月3號
798000	799000	美國註冊了FARA
799000	800000	外國代理人
800000	801000	吳征和楊瀾
801000	802000	通過其控制的
802000	803000	陽光七星集團
803000	804000	各家公司投資
804000	806000	收購了美國加密交易所
806000	807000	DVOT
807000	809000	亞洲時報裕城集團
809000	811000	也就是易租寶的母公司
811000	813000	也就是美國最成功的
813000	815000	矽谷創業教父史蒂夫霍夫曼
815000	816000	達成合作
816000	817000	吳征 楊瀾
817000	818000	名下等於說
818000	820000	至少有四家公司
820000	822000	持有這個集兆家股份
822000	824000	第二個就是吳征的弟弟胡斌
824000	825000	以及控告
825000	827000	國研人誹謗Samuel Nemberg
827000	829000	是集兆家的股東
829000	831000	太平聯盟旗下的
831000	832000	銳環資本
832000	834000	是集兆家收購項目的顧問
834000	836000	吳征代表集兆家簽字
836000	837000	就可以說
837000	839000	現在這家公司
839000	841000	川普總統這家公司
841000	843000	背後的這個屍體跟吳征
843000	844000	還有吳斌
844000	846000	還有之前控告國研人這些人
846000	848000	都是有解不開的關係
848000	849000	太平聯盟
849000	851000	闡述國研人四年之久
851000	852000	並通過造假文件
852000	854000	贏得紐約最高法院有力判罰
854000	855000	國研人
855000	857000	在本周向法官發出動議
857000	859000	開Hill Golden
859000	861000	律師事務所
861000	863000	無法繼續作為原告代理律師
863000	865000	因此這家
865000	867000	律師事務所所擁有的
867000	869000	一些關於國研人的保密資料
869000	871000	吳征也是SEC調查GTV
871000	873000	美國公司以及國研人
873000	875000	幕後的重要參與者
875000	876000	然後
876000	878000	Samuel Nemberg
878000	880000	是川普總統的之前顧問
880000	882000	控告郭先生
882000	883000	OK
883000	885000	與川普媒體公司合併的
885000	887000	SPAC公司
887000	889000	DWAC幕後大股東ARC
889000	891000	也就是銳環資本
891000	893000	通過DWAC的CEO
893000	895000	Patrick Orlando
895000	897000	戴馳
897000	899000	太平聯盟創始人Kris
899000	901000	是ARC集團控股公司的
901000	903000	非執行董事
903000	905000	ARC Global持有
905000	907000	DWAC18%的股份
907000	909000	就是660萬股
909000	911000	DWAC股價從10美元
911000	913000	3天內漲到了108.8美元
913000	915000	ARC公司3天內
915000	917000	可以說賺了6.6億美元
917000	919000	OK
921000	923000	Jessica
923000	925000	好的
925000	927000	有請我們的七哥來幫我們來糾錯
929000	931000	我先不說糾錯
931000	932000	我一會兒
932000	934000	墨鏡先生會把我發給他這個PVP
934000	935000	給你傳上來
935000	936000	我給你們
936000	938000	你們看完我剛才的PVP很長
938000	940000	墨鏡哥給你們走一走
940000	941000	最重要的
941000	943000	就是他的機構操作者
943000	944000	就十億家公司
944000	946000	十億家基金
946000	948000	就十億家基金
948000	949000	我一會兒給你
949000	950000	我看墨鏡小哥準備好
950000	951000	就給傳上來
951000	952000	就給帶上來
952000	953000	好
953000	954000	大家看看
954000	955000	看看這個
955000	957000	這是七哥第一次給你們做PPT
957000	959000	這個看看
959000	960000	往下走
962000	963000	這是十億家公司
963000	965000	投資Digital World
965000	966000	ARC Association
966000	967000	這個川普的社交媒體
967000	968000	合併的這家公司
968000	969000	Digital World
969000	970000	大家一定記住
970000	971000	這非常的重要
971000	972000	再往下
974000	975000	走
976000	978000	拉德克利夫資本管理公司
978000	979000	賬戶和基金
979000	980000	這個往下看
980000	981000	往下走
982000	983000	再往下走
985000	986000	再往下走
988000	991000	我現在正在展示的PPT
991000	995000	就十億家基金公司的所有的文件
995000	996000	看著沒有
996000	997000	再往下
999000	1000000	再往下
1002000	1003000	再往下
1005000	1006000	再往下
1008000	1009000	再往下
1009000	1010000	看到這些人
1010000	1011000	都看這些人
1013000	1014000	走吧
1015000	1016000	你就不用我說了
1016000	1017000	接著走
1018000	1019000	然後
1019000	1020000	誰這個
1020000	1021000	木蘭呢
1021000	1022000	馬上把這個文件
1022000	1024000	掛到我們的那個
1024000	1025000	我的那個推特
1025000	1026000	那個蓋特去
1026000	1027000	蓋特去
1028000	1029000	然後呢
1029000	1030000	正在看直播的戰友
1030000	1032000	在我蓋特上可以下載
1032000	1033000	然後呢
1033000	1034000	同時下載完以後
1034000	1036000	希望更多人把它做出來
1036000	1037000	這個PPT
1037000	1039000	或做成短視頻
1039000	1040000	我可以告訴你們
1040000	1041000	絕對是歷史性的
1041000	1042000	往下看
1047000	1048000	往下看
1061000	1062000	很多
1062000	1064000	你把這個視頻
1064000	1065000	邊放著
1065000	1066000	放著一個框
1066000	1067000	把我們回到主框
1067000	1068000	墨鏡
1068000	1069000	叫大家
1069000	1070000	叫大家
1070000	1071000	你邊滾動著看
1071000	1073000	別回到我們直播框
1075000	1076000	好
1076000	1077000	對了
1077000	1078000	你把這個
1078000	1079000	滾動的沒了
1079000	1080000	你可以繼續滾動
1080000	1081000	大家會看到
1081000	1082000	是誰家公司
1082000	1083000	我給你們找到了
1083000	1085000	除了三家是美國
1085000	1087000	還加拿大公司
1087000	1088000	基金之外
1088000	1089000	其他全是共產黨的
1089000	1090000	這基金
1091000	1092000	現在開始
1092000	1093000	大家記住
1093000	1094000	我再說一遍
1094000	1095000	我們今天的直播
1095000	1096000	非常的重要
1096000	1097000	戰友們
1097000	1098000	一會兒你會從蓋特上
1098000	1099000	小妹他們會掛到
1099000	1100000	那個蓋特上去
1100000	1101000	就剛才這個文件檔
1101000	1102000	廣泛的傳播
1102000	1104000	做成有效的短視頻
1104000	1106000	讓世界知道發生了什麼
1106000	1108000	發生了什麼樣的
1108000	1110000	驚天的陰謀
1110000	1111000	什麼事情
1111000	1112000	那麼從現在起
1112000	1113000	我開始說一下
1113000	1114000	我對這個事情的觀點
1114000	1115000	幾個事件
1115000	1116000	大家可以把這個
1116000	1118000	從剛一下說的
1118000	1120000	以下說的事情
1120000	1122000	把它做成各種視頻
1122000	1123000	還有各種
1123000	1125000	往外推的方式
1125000	1127000	大家你們能看到
1127000	1129000	這個世界上的瘋狂
1130000	1131000	這什麼
1131000	1132000	屏幕怎麼又
1132000	1134000	不會斷線了吧
1135000	1137000	能聽到我說話吧
1137000	1138000	沒有沒有
1141000	1143000	我給大家要從現在
1143000	1145000	今天是24號
1145000	1146000	10月24號
1146000	1148000	我和大家來談一下
1148000	1149000	就是剛剛的
1149000	1151000	在上一周完成的SPAC
1151000	1153000	還有這家美國的
1153000	1154000	所謂的
1154000	1155000	空殼上市公司
1155000	1156000	咱們也可以說
1156000	1157000	空殼指標公司
1157000	1158000	創新公司
1158000	1159000	上市的
1159000	1161000	關於川普總統的
1161000	1163000	買掉他川普總統的
1163000	1164000	IP
1164000	1166000	叫TMTG這家公司
1166000	1168000	那麼這個公司
1168000	1169000	買完以後
1169000	1170000	他未來會產生
1170000	1172000	川普總統的所謂的媒體
1172000	1174000	他們展定叫Truth
1174000	1175000	TMTG
1175000	1177000	川普這個
1177000	1179000	高科技公司
1179000	1182000	和社交推流媒體公司
1182000	1184000	Truth在明年會退出
1184000	1185000	在蘋果IOS呢
1185000	1187000	已經有了申請了這個
1187000	1188000	他的整個的這個
1188000	1190000	所有的製作產權都有了
1190000	1191000	還在上面掛著呢
1191000	1192000	大概半年到一年
1192000	1195000	另外就是川普科技
1195000	1196000	那麼收購他的公司
1196000	1197000	叫什麼呢
1197000	1198000	就是咱們今天看到
1198000	1199000	SPAC這家公司
1199000	1201000	叫做這個Digital World
1201000	1203000	Digital World就是數十世界呢
1203000	1205000	來自於就是無征
1205000	1207000	就是原來無征的
1207000	1210000	那麼這個收購無征這家公司
1210000	1212000	這裡邊其他股東是誰呢
1212000	1213000	股東是誰呢
1213000	1215000	就是中共的政協委員
1215000	1218000	也就是當日這個姓李的
1218000	1220000	還有一個孕紅的
1220000	1223000	這些人全部是共產黨的情報企業
1223000	1225000	跟無征是一模一樣的
1225000	1227000	那麼這些人
1227000	1229000	所有的跟他美方的合作者
1229000	1230000	是誰叫Sandberg
1230000	1233000	Sandberg就是川普總統選舉的時候
1233000	1235000	在班農下邊那個幫他選舉者
1235000	1236000	後來因為醺酒
1236000	1239000	謊言犯罪被調查
1239000	1240000	消失密技
1240000	1242000	他呢Sandberg跟誰
1242000	1243000	跟無征合作呢
1243000	1246000	就是遣返七哥是其中最壯成員
1246000	1249000	猶太人母親是律師
1249000	1251000	然後還告七哥Sandberg
1251000	1253000	Sandberg還幹了什麼事呢
1253000	1255000	就是幫助那個那個
1255000	1258000	當時在佛羅里達遊說七哥
1258000	1260000	找電視臺來造謠的
1260000	1262000	通過無征道路散佈謠言的
1262000	1265000	就是大家就跟我和解的那個
1265000	1267000	那個叫什麼玩意呢
1267000	1268000	我現在想不起來了
1268000	1272000	也是川普總統的這個選舉的班子成員
1272000	1275000	那麼這裡邊還出現了個Partake
1275000	1277000	Partake就是今天這個CEO
1277000	1279000	那麼另外一個
1279000	1281000	這個大家能看到的
1281000	1284000	就是其中也是我們大家最關心的人物
1284000	1286000	無征在北京蒙古包
1286000	1288000	喝酒的前FBI
1288000	1291000	整個的這個地區領導
1291000	1293000	叫Frank
1293000	1297000	原來也是我的保鏢公司THM的這個合夥人
1297000	1300000	很多公司都出現他
1300000	1302000	他不但出現在這個公司
1302000	1305000	跟這個PAG打官司當中
1305000	1306000	他也是律師之一
1306000	1307000	是調查者
1307000	1310000	就是監聽調查提供證據
1310000	1311000	你看這很誇張啊
1311000	1313000	然後跟無征在北京蒙古包
1313000	1314000	喝著小酒
1314000	1316000	就是這個調查咱們七哥
1316000	1317000	就是你們七哥了
1317000	1321000	然後就他和無征找到馬雲
1321000	1323000	當時是THM的老闆
1323000	1325000	叫Robert Hager
1325000	1326000	說什麼呢
1326000	1327000	這個無征找他
1327000	1330000	你不做郭文貴的保鏢
1330000	1332000	馬雲願支付你2000萬美元
1332000	1335000	大家記不記得2017年發生的事
1335000	1336000	這都2017年
1336000	1340000	這就是那個FBI的前董事高管
1340000	1342000	成了無中的合夥人
1342000	1345000	而且他有那個ID Digital World
1345000	1347000	很多已經騙了幾十億美元
1347000	1349000	包括一家公司已經賣給馬雲的
1349000	1350000	34億美元騙走
1350000	1352000	就無征在美國
1352000	1354000	洗劫美國人的財富已經不是第一次了
1354000	1356000	而且合作者就是這個人
1356000	1359000	而且這些人今天看到
1359000	1362000	竟然和太平的創始人Chris
1362000	1366000	同時出現在這場洗劫搶劫的併購當中
1366000	1368000	Chris是猶太人
1368000	1370000	是PAG的創始人
1370000	1372000	Chris同時也是高級哥的
1372000	1376000	也是在紐約把18樓所謂的判
1376000	1378000	可能是我們要輸掉的
1378000	1379000	現在已經宣布破產
1379000	1382000	正在有市場銷售中
1383000	1385000	所以你看到今天的官司
1385000	1387000	無征沒有一個案子離開他的
1387000	1389000	國訊案子 強奸案子 無征案子
1389000	1391000	3Number案子
1391000	1394000	然後再加上這個FBI的人
1394000	1397000	這個FBI又是PAG官司裡邊最關鍵的人
1397000	1398000	調查人
1398000	1401000	然後這個人調查出所謂的我們知道
1401000	1402000	GTV洩密案
1402000	1407000	包括在多維製造假照片 假信息
1407000	1409000	假證據的全都是這幫人
1409000	1412000	有利於太平的假證據
1412000	1416000	對我們輸掉1億多美元和18樓的房子
1416000	1418000	這都是原來一撥人
1418000	1422000	和當時的THM的保鏢公司
1422000	1424000	和前FBI官員
1424000	1425000	這都是一撥人
1425000	1428000	然後背後全都是無征
1428000	1430000	無征又裹出了運紅
1430000	1433000	運紅的上邊李運忠什麼的
1433000	1435000	這全是中共的情報頭子
1435000	1438000	然後又涉及到馬雲 傑克馬
1438000	1443000	然後這些人大家看到9月2號都已經收購完了
1443000	1446000	收購的公司所有涉及的人
1446000	1448000	又是所有要遣返7個
1448000	1454000	所有聯合起來強姦案 博訊案 多維案
1454000	1458000	還有這個PAG案全部是一撥人
1458000	1460000	大家今天可以明白
1460000	1461000	這個案子可以告訴我們是什麼
1461000	1464000	這些人的能量有多大你們發現了嗎
1465000	1467000	這是不是無征多牛
1467000	1469000	也不是楊瀾的鑰匙多牛
1469000	1471000	這是共產黨的全面操作
1473000	1475000	那麼說到這的時候
1475000	1480000	我請問咱幾個帥哥美女主持
1480000	1482000	我就說這一段的時候
1482000	1484000	你們感覺到共產黨這一次
1484000	1486000	要跟川普搞這想幹啥
1486000	1488000	他的目的是啥
1488000	1490000	請回答 請主持人主持
1494000	1496000	每人30秒
1499000	1503000	天哪 這麼大一個今天的這樣一個事件
1503000	1509000	我很難想像川普總統會真的去跟他們勾兌
1509000	1511000	我在想是不是釣魚
1511000	1516000	因為這個案子可以揭露出來
1516000	1519000	所有這些中共在背後的操作
1519000	1521000	和當年他們怎麼樣去就是說
1521000	1526000	做假案去要陷害文貴先生
1526000	1530000	至少現在我看到的是一個大揭露
1530000	1532000	能夠感覺到把他們的那些
1532000	1535000	中共的惡魔的這些本質都揭露出來
1535000	1536000	謝謝戰友
1540000	1541000	我覺得主要就兩點
1541000	1542000	我能想到的
1542000	1545000	第一個就是說來收買川普陣營
1545000	1546000	然後影響川普陣營
1546000	1549000	另外一個就是說阻止川普和他的團隊
1549000	1551000	跟我們爆料革命走在一起
1551000	1552000	好的 謝謝
1561000	1562000	不好意思
1562000	1566000	我覺得中共這麼做有兩點
1566000	1567000	剛尼克說的是一點
1567000	1570000	首先因為他們中共知道
1570000	1572000	川普總統要跟蓋特合作
1572000	1573000	所以說非常怕
1573000	1574000	另外一個就是說
1574000	1577000	跟川普合作不代表真的是要收買他
1577000	1579000	更多的是要搞死川普總統
1579000	1581000	中共認為川普總統是他們的威脅
1581000	1583000	因為川普總統非常得民心
1583000	1584000	謝謝
1586000	1587000	好的
1587000	1590000	那就是我想問就是柒哥一個問題
1590000	1593000	大家記得以前在直播中柒哥有講過
1593000	1596000	就是在川普總統就是得病以後
1596000	1599000	後來再出現的時候頭髮的顏色變了
1599000	1601000	我不知道就是這一塊的話
1601000	1603000	有沒有什麼一些
1603000	1604000	還方便講的
1604000	1606000	有沒有一些什麼暗示或者什麼的
1607000	1609000	我回答你的說頭髮變色
1609000	1610000	因為他染髮
1610000	1612000	他就是沒有染髮
1612000	1615000	說明醫生那個時候情況下不允許他染髮
1615000	1616000	那就說明他的
1616000	1618000	他染髮的時候就說明他什麼都好的時候
1618000	1620000	不染髮的時候
1620000	1621000	不能染金色的時候
1621000	1623000	就說明醫生說你是不能染
1623000	1625000	那就說明他這個染髮和不染髮
1625000	1628000	跟精神狀態、身體狀態是絕對有關係的
1628000	1629000	就這麼簡單
1629000	1631000	再我回答到你們剛才的問題
1631000	1633000	就剛才我說吳征找的Roger Stone
1633000	1636000	給我和解大寬的書那個Roger Stone你們記得吧
1636000	1639000	Roger Stone、3Number、吳征
1639000	1642000	還有中國的胡舒立、傑克馬
1642000	1643000	是吧
1643000	1645000	這些人都是遊說奇歌
1645000	1647000	要所謂遣返的人
1647000	1649000	那麼同時
1649000	1651000	我剛才回答你們一個核心的問題
1651000	1653000	他們為什麼要搞川普這樣
1653000	1654000	這又是一段啊
1654000	1655000	咱們秘密翻譯組
1655000	1657000	木蘭所有整理的這又是一段
1657000	1660000	他們為什麼要跟川普幹這事情
1660000	1665000	第一核心的原因是絕對不能讓川普加入蓋特
1667000	1672000	加入蓋特就意味著川普一定會贏得2022選舉
1672000	1673000	終極選舉
1673000	1681000	會成為未來的共和黨成為所謂參眾兩院發言人
1681000	1683000	就今天Nancy Pelosi的角色
1683000	1685000	叫Houseman
1685000	1687000	那影響力太大了
1687000	1689000	那他影響力太大了
1689000	1692000	那麼就一旦2022贏了
1692000	1696000	那就2024川普基本上以定局回白宮
1696000	1697000	是吧
1697000	1699000	這個基本上定局
1699000	1703000	那麼第一目的阻止他加入蓋特
1703000	1704000	同時
1704000	1710000	別忘了Jace Mueller先生始終是川普的六年的多年的跟隨者
1710000	1711000	最後呢
1711000	1713000	要把Jace Mueller先生要給弄回去
1713000	1716000	用這個我們內部的戰友說的話
1717000	1721000	這個誰這個吳征向中共的報告說
1721000	1723000	我們成功地拿下了這第一戰
1723000	1725000	把川普的什麼什麼拿下
1725000	1728000	包括我們未來會把Jace Mueller從蓋特一開
1728000	1730000	就猜
1730000	1733000	猜掉川普加入蓋特
1733000	1735000	是從什麼時候開始的呢
1735000	1738000	他們是當時7月份就開始了
1738000	1740000	9月份簽的合同
1741000	1747000	10月份開始市場全面的這些金融開始結集這件事
1747000	1749000	所以第一個是蓋特
1749000	1750000	第二個是什麼
1750000	1751000	大家看到
1751000	1754000	我要說到你們看到這個有多可怕
1754000	1758000	川普總統這個SPAC的交易他的風險在哪裡
1759000	1760000	三件事
1760000	1761000	第一個
1761000	1763000	這裡絕對不能有內幕交易
1764000	1767000	只要有內幕交易就是刑事罪
1767000	1768000	好
1768000	1770000	不用任何懷疑的
1770000	1772000	大家可以看到
1772000	1774000	從一千手
1774000	1775000	一萬手
1775000	1776000	四萬手
1776000	1779000	到六百萬手的交接
1779000	1782000	幾乎都在十一家基金裡面中間轉來
1782000	1784000	就我買來買去的那天
1784000	1787000	這叫內部交易
1787000	1789000	操縱市場
1790000	1793000	可以說是百分之百會受到SEC調查
1793000	1794000	SEC不查是不可能
1794000	1795000	SEC不查是不可能
1795000	1798000	當你這不正常的波動和股票
1798000	1801000	而且十幾家基金進進出出操作的時候
1801000	1803000	第一我懷疑你有內線交易
1803000	1805000	第二我就懷疑你操縱市場
1805000	1807000	這個先大家可以看
1807000	1808000	這是不用
1808000	1809000	百分之百
1810000	1813000	如果要試了內部交易
1813000	1815000	如果要試了操縱市場
1815000	1817000	川普總統就成了被刑事調查
1817000	1820000	終身將無法再參與政治選舉
1821000	1822000	是吧
1822000	1823000	這是第一個目的
1823000	1824000	第二個目的啊
1824000	1825000	離開蓋特
1825000	1826000	第二個你這個
1826000	1827000	第三個
1827000	1830000	大家要看到這裡邊一個更核心的東西
1830000	1835000	川普總統如果他是擁有這裡百分之九十的股份
1836000	1840000	他的責任者他就是百分之百的責任
1841000	1846000	他現在如果有百分之二十五的這個股份
1846000	1849000	他也同樣是最重要的被告者
1849000	1851000	那如果被刑事調查
1851000	1853000	如果之前操縱市場內部交易
1853000	1855000	你的錢是必須要還回去的
1857000	1858000	不但如此
1858000	1859000	大家看到一個問題
1860000	1862000	當初九月份簽完以後
1863000	1865000	就是吳征這幾家公司
1865000	1867000	十一家所謂的基金
1867000	1869000	操作這是操盤手
1870000	1873000	當時買這個吳征的錢幾乎是不給錢的
1873000	1877000	但是為了給給川普總統承諾
1877000	1882000	這幾家公司買掉了一共四千多萬股的公司的股票
1883000	1886000	他們拿走了百分之九十一點三
1886000	1890000	兩千六百兩千八百多萬股吧
1890000	1891000	兩千八百多萬股
1891000	1892000	花了多少錢呢
1892000	1894000	2.96億現金美元
1895000	1899000	也就這十一家基金先兌出了2.96億
1899000	1902000	放在了一個Trust信託那
1902000	1905000	說這個就是我來買你川普總統的IP
1905000	1908000	就是買你所謂的TPTG
1908000	1912000	川普科技和川普總統的未來可能發生的Truth
1913000	1914000	留媒體
1914000	1916000	而且這個留媒體用的就是當年
1916000	1921000	吳征在美國幾年前騙了幾十億美元的所謂的Digital World
1922000	1924000	就是同樣的技術描繪的一番
1924000	1925000	沒有具體啊
1925000	1931000	所以說這個2.96億已經放到了川普總統的那個信託了
1931000	1933000	這個2.96億川普總統隨時可以拿走
1933000	1934000	自己也可以花掉
1934000	1936000	他買內褲買買啥你管不著
1936000	1937000	這是他的錢了
1937000	1940000	那麼關鍵在2.96億之外
1940000	1942000	這個時候你看這個錢啊
1942000	1943000	完全跟上市沒有關係
1943000	1944000	但是信託拿走了
1944000	1948000	等於川普總統把自己的名字和IP賣給他們了
1948000	1953000	然後把TPTG川普總統這個公司
1953000	1955000	就是買克萊公司推上市了
1956000	1958000	20號公佈
1959000	1960000	在公佈之前
1960000	1961000	跟我們打電話
1961000	1964000	就是讓傑森你要不要回來工作呀
1964000	1966000	我人家給了我3億美元現金啊
1966000	1968000	90的股份啊
1968000	1970000	當然我們都拒絕了
1970000	1971000	我們一份股份也不會給
1971000	1972000	也不會給這個錢
1972000	1975000	而且我們知道我們當時我說
1975000	1977000	我是7月份告訴傑森Miller
1977000	1978000	我當時剛來的時候
1978000	1979000	我就告訴他
1979000	1981000	川普總統跟我們做成的可能性幾乎沒有
1981000	1983000	我們也希望他不要來
1983000	1984000	我們很支持他
1984000	1986000	同時我說最終
1986000	1987000	他可能會落下共產黨的圈套
1987000	1988000	他完全不相信
1988000	1989000	你看看
1989000	1991000	完全按我說的發生了
1991000	1994000	我們內部的情報掌握是絕對準確
1994000	1995000	7月份我就
1995000	1997000	6月底7月份就這麼說的
1998000	2001000	那麼當他打完這個電話以後說
2001000	2002000	我問什麼時候公佈呢
2002000	2004000	我那時候跟川普哥去試直播去了
2004000	2005000	他說下周二公佈
2005000	2006000	我說不可能
2006000	2007000	一定會很快
2007000	2009000	這時候他們開始去寫那個所謂的
2009000	2011000	咱們的聲明函的時候
2011000	2012000	歡迎川普總統回國
2012000	2013000	公佈完的第二天
2013000	2017000	8股票就從了4萬手變成了6百萬手
2018000	2020000	11家基金大買大進
2020000	2022000	也就自己買自己炒的
2023000	2025000	最高達到174
2025000	2028000	這一定是內部交易和操縱股市
2028000	2030000	這個時候就是買GOT
2030000	2032000	川普總統在買GOT
2032000	2034000	買GOT組織的錢就攔領了錢
2034000	2035000	然後他就說
2035000	2036000	這股票要賣給他
2036000	2037000	這股票要賣給他
2037000	2038000	這股票要賣給他
2038000	2039000	這股票要賣給他
2039000	2040000	川普總統在買GOT
2040000	2043000	買GOT組織的錢就攔領了錢就進來了
2043000	2046000	甚至有些人想偷襲的人就跟著進來了
2046000	2048000	他們的目的就是讓這些人把你幹掉
2048000	2049000	把你錢捲走
2050000	2052000	那麼這個時候
2052000	2053000	大家要看到
2053000	2056000	就在炒到174的時候
2056000	2059000	瞬間回到194
2059000	2061000	然後關閉市場星期五
2061000	2063000	回到了45美金
2064000	2066000	接下來的兩周到三周
2066000	2069000	在未來的五周以內是最關鍵的
2070000	2074000	那麼在當時上到174的時候
2074000	2075000	市值值多少錢
2075000	2078000	也就是說在市場上賣出的
2078000	2082000	一共是22.8個milli
2082000	2084000	2280萬股
2085000	2088000	最高的時候成174值多少錢
2088000	2089000	大家算過嗎
2091000	2092000	大家算過嗎
2093000	2096000	100多億美元
2096000	2098000	170億美元了快
2098000	2101000	就是突然間就上了170億去了
2101000	2104000	從178給打回來了
2104000	2106000	變成了90多塊錢的時候
2106000	2108000	也100多億美元
2109000	2110000	也100多億美元
2110000	2111000	那下了不得了
2111000	2113000	那麼最終你們知道
2113000	2117000	在市場完成的交易是多少筆
2117000	2119000	被洗走多少錢
2119000	2120000	大家回答一下
2120000	2122000	咱們這次就一到
2122000	2125000	這次咱們戰友下面回答就沒高人
2125000	2126000	就玩不了了
2126000	2127000	就玩美國的遊戲
2127000	2128000	大家就不行了
2128000	2129000	回答歷史行
2129000	2130000	一玩美國的遊戲
2131000	2132000	大家要常識
2132000	2133000	就這些關係
2135000	2137000	我再告訴大家一遍
2137000	2138000	我再告訴大家一遍
2138000	2142000	在市場上到星期五洗走了多少錢
2144000	2149000	在休市的時候值3.8億美元
2150000	2151000	洗走了多少錢
2151000	2152000	大家看看
2152000	2154000	130億被洗走的遊戲了
2154000	2155000	20億
2155000	2157000	川普被廢了
2157000	2158000	我不懂
2158000	2159000	下面說啥都有
2161000	2162000	420億美元
2162000	2164000	大家繼續回答
2164000	2165000	50億美元
2165000	2166000	50億美元
2166000	2167000	100億
2167000	2168000	都亂蒙不行
2168000	2169000	亂蒙不行
2170000	2171000	大家好
2171000	2175000	到底懂行的人上網路上都可以查到的
2175000	2177000	看看實際交易總量
2177000	2179000	被洗走多少錢
2179000	2180000	大家看一看
2181000	2183000	川普總統的3個億美元
2183000	2185000	就2.96億美元肯定是他的了
2186000	2188000	他如果有25%的話
2188000	2189000	按照現在的話
2189000	2191000	他得拿走10億美元
2192000	2194000	如果90%的話
2194000	2196000	他拿走幾十億美元
2198000	2199000	那麼最後
2199000	2201000	我現在告訴戰友的事情
2201000	2203000	這些錢背後大家都知道
2203000	2206000	全都是共產黨的基金PAG
2206000	2207000	無徵
2207000	2208000	三Number
2208000	2209000	運宏
2209000	2211000	中國對外合作
2211000	2212000	所有收集機
2212000	2213000	包括傑克馬
2213000	2214000	全部
2214000	2215000	全部弄走
2215000	2216000	大概50億美元
2216000	2218000	我給大家別瞎蒙了
2218000	2221000	大家洗走大概50億到80億美元之間
2221000	2223000	今天的數字
2223000	2226000	是美國SPAC有史以來
2226000	2227000	最快
2227000	2229000	最高增長
2229000	2230000	最快
2230000	2231000	漲的最快
2231000	2233000	落的最快
2233000	2236000	這個中間的操作時間最短
2236000	2238000	錢被洗走最快的
2238000	2240000	什麼都是最快
2240000	2241000	是共產黨幹的
2244000	2245000	戰友們我再從
2245000	2246000	到說到這時候
2246000	2247000	大家也要記住
2248000	2251000	任何人不得在這攻擊川普總統
2251000	2254000	共產黨無徵最想幹的事情
2254000	2256000	就讓我們攻擊川普總統
2258000	2260000	絕對不要攻擊川普總統
2260000	2261000	不要攻擊川普總統
2261000	2262000	這不真的是
2262000	2264000	川普總統在資本主義國家
2264000	2268000	他認為他的律師和會計師給他建議
2268000	2271000	他這樣賺錢一點錯沒有
2272000	2275000	川普總統聽從律師的意見
2275000	2276000	我拿這三個億合不合法
2276000	2277000	一定說是合法的
2277000	2279000	你蓋特也不給我三個億
2279000	2281000	我憑啥不拿三個億啊
2281000	2282000	你叫你
2282000	2284000	你說讓草根讓傑西卡
2284000	2286000	讓你羅斯美讓你尼克
2286000	2287000	你三個億
2287000	2288000	1.5億我也幹啊
2288000	2290000	你憑啥你給我一個億
2290000	2291000	還有條件呢
2291000	2293000	我給我一個億上我不幹
2293000	2294000	你憑啥說人家啊
2295000	2296000	在資本主義社會
2296000	2297000	比如說川普總統
2297000	2298000	拜登總統
2298000	2299000	哪個總統都會幹
2300000	2301000	第二我還有股權
2301000	2303000	我又憑啥不幹呢
2303000	2304000	我當然幹呢
2304000	2307000	在這沒有任何人不要去罵川普總統
2307000	2308000	那你沒有資格
2308000	2310000	你是羨慕妒忌恨
2310000	2311000	吃不到葡萄酥葡萄酸
2311000	2312000	那你是有病
2313000	2314000	人家川普總統
2314000	2315000	半點錯都沒有
2318000	2321000	但是我們為啥要直播說這個事呢
2321000	2324000	我們要我們在乎的只在乎兩樣事
2324000	2326000	我們滅共的事業
2326000	2328000	它跟我們滅共有關系
2329000	2331000	就這些人帕蓋特
2333000	2336000	第一帕蓋特才有了這場驚天的
2337000	2341000	騙取美國人的錢的這場荒唐的遊戲
2343000	2345000	同時讓世界知道
2345000	2349000	共產黨在美國騙你錢用的什麼招
2349000	2351000	就多麼的瘋狂
2352000	2355000	然後又能把你拿下
2355000	2357000	多麼的恐懼川普總統
2359000	2362000	我們要知道共產黨的邪惡和真正的目的
2363000	2365000	所有給川普總統設的局
2365000	2367000	我包括不知道川普總統
2367000	2368000	柯林頓、布什
2368000	2370000	任何總統他都躲不過去
2371000	2374000	川普總統不懂任何媒體
2374000	2375000	他不懂社交媒體
2375000	2378000	他也不懂他是搞房地產商出身
2378000	2379000	什麼叫房地產商出身
2379000	2381000	叫realistic
2381000	2385000	realistic可摸可見的不動產
2385000	2389000	他對這種虛擬經濟網絡完全不懂
2390000	2392000	而且家裡那麼多人
2392000	2393000	身邊那麼多人
2393000	2394000	是吧
2394000	2396000	都認為這是好事
2396000	2397000	他會傻到說
2397000	2401000	這是你今天弄了明天進監獄是不可能的
2401000	2403000	川普總統信了團隊
2403000	2404000	好
2404000	2405000	接下來事來了
2406000	2411000	就說川普總統不被SEC或者刑事調查
2411000	2414000	或者是操作股市或者內部交易調查
2414000	2417000	他面臨到的以下兩個問題
2418000	2419000	他的政治生涯
2419000	2422000	他必須面對美尬的所有的人
2422000	2426000	你這些錢竟然全部來自於中共幫你操作
2426000	2428000	騙的不是中國一分錢沒出
2428000	2431000	中共是註冊的間諜無證
2432000	2434000	Sign Number在美國一堆的訴訟
2435000	2437000	這些運紅背後就是中國情報部門
2438000	2441000	十幾家跟中國有關的基金
2441000	2443000	騙的誰的錢呢
2443000	2444000	大家想想這錢是誰的錢
2444000	2446000	全是美尬的川普總統的
2446000	2451000	很便宜的就是幾百幾千美金的川普的支持者
2452000	2455000	最後是共產黨沒拿一分錢
2455000	2456000	來了個經濟超限戰
2457000	2459000	把你置入到風險之中
2459000	2461000	那麼接下來很核心的問題
2461000	2465000	川普總統你能不能去運作一個Truth
2465000	2468000	像蓋特一樣的媒體平台
2468000	2469000	你有沒有這團隊
2470000	2471000	你有沒有這能力你能不能兌現
2472000	2476000	答案是就是皇上老天爺來也不是一夜之間
2476000	2477000	他們會做什麼呢
2477000	2479000	川普總統會買買買
2481000	2482000	一定是這結局的
2482000	2484000	買各種社交媒體
2485000	2487000	這是可以想到的
2488000	2489000	甚至共產黨會幫他買
2490000	2493000	好他買到了能不能成功
2493000	2495000	幾乎是1%的可能性都沒有
2495000	2498000	大家知道那不是運行管理技術
2498000	2499000	它沒那麼簡單
2499000	2501000	那麼你買到任何一個媒體
2501000	2502000	如果和中共有關係
2504000	2505000	又回來了
2505000	2507000	你要搞抖音要搞微信
2507000	2508000	你要搞Room
2508000	2510000	當時你川普搞的就因為大家尊重你
2510000	2513000	你結果找了一個中共寫的代碼
2513000	2515000	或者和中共有關的媒體公司
2515000	2517000	或者中國人都不行
2517000	2519000	中國人有關的公司
2519000	2521000	那川普總統就犯了大忌了
2522000	2523000	是吧
2523000	2524000	結果拿中國的錢
2524000	2525000	中國給你搞了個平台
2525000	2528000	讓你的追隨者
2528000	2531000	因為你要幹共產黨追隨了你
2531000	2532000	用了個中共平台
2532000	2533000	這不是開玩笑了嗎
2535000	2536000	這是一個問題
2536000	2537000	更重要的問題
2537000	2540000	川普總統接下來的錢去向何方
2540000	2541000	去向何方
2542000	2544000	這些錢去向何方
2544000	2546000	這些錢怎麼用
2546000	2548000	絕對全世界都盯著
2548000	2549000	特別是民主黨
2549000	2551000	還有它的政敵都盯著
2551000	2552000	好了
2552000	2554000	接下來川普總統
2554000	2556000	2022選舉能不能被提名
2557000	2559000	2024能不能被內部
2559000	2561000	就共和黨能不能被提名
2562000	2563000	現在看來
2563000	2565000	龐皮奧越來優勢越大
2566000	2567000	是吧
2567000	2568000	從打疫苗角度
2568000	2569000	從年齡
2569000	2570000	從減肥
2570000	2571000	從聲望
2571000	2573000	從這一波下去
2573000	2574000	龐皮奧越來優勢
2575000	2576000	對吧
2576000	2577000	那麼更重要的事情
2577000	2580000	美國對方的民主黨
2580000	2582000	一定會就這事情
2582000	2583000	來給你來搞
2583000	2584000	搞這事兒的
2584000	2585000	這個最後的結局
2585000	2586000	我想告訴大家
2586000	2588000	共產黨最希望的事情
2588000	2590000	你兩黨掐
2591000	2594000	這兩黨為此要掐下去
2594000	2595000	幾乎不可避免
2595000	2597000	在兩黨掐的情況下
2597000	2599000	你知道美國法庭申請禁制令
2599000	2600000	是很容易的
2601000	2603000	你這些資金給你封住
2603000	2604000	說封就封住了
2604000	2606000	你看咱們GTV的投資者
2606000	2608000	人家SEC就下一張紙
2608000	2610000	就給你錢就給你凍結了
2610000	2611000	他從來沒有下過
2612000	2613000	為啥沒有下
2613000	2615000	他沒有任何證據證明你
2615000	2616000	內線交易
2616000	2617000	造假
2617000	2618000	詐騙
2618000	2619000	他沒有啊
2619000	2620000	人家紐約第一法國
2620000	2621000	第一檢察官你知道
2621000	2623000	人家都跟著呢
2623000	2624000	人家都跟著呢
2624000	2625000	是吧
2625000	2626000	一句就給你刑事調查
2626000	2627000	就給你封了
2627000	2628000	但從頭到尾
2628000	2629000	咱的錢
2629000	2630000	包括那九指一的錢
2630000	2631000	都沒封
2631000	2632000	那沒有任何證據證明你
2632000	2633000	欺詐
2633000	2634000	但這些錢
2634000	2635000	很有可能就被封了
2635000	2636000	錢被封在那兒
2636000	2637000	這些基金錢
2637000	2638000	也會被封在那兒
2639000	2641000	然後一旦進入刑事調查
2641000	2642000	這事兒大了
2644000	2645000	美國老百姓
2645000	2646000	還有說被騙錢的人
2646000	2647000	大家記住啊
2647000	2649000	我從這兒再說一遍
2649000	2651000	所有你買過股票
2651000	2653000	一百七十四還是九十四的
2653000	2655000	只要在這個股票往下跌
2655000	2657000	你在美國是一定會被告你
2657000	2659000	一定會告你的
2659000	2660000	大家一定會問
2660000	2661000	那我買股票漲的時候
2661000	2662000	我不用告
2662000	2663000	跌了都可以告
2663000	2665000	非常在美國
2665000	2666000	只要你上市的時候
2666000	2668000	你股票漲了
2668000	2669000	啪跌下來了
2669000	2671000	這裡邊股東
2671000	2673000	毫無原因可以起訴你
2673000	2675000	因為我買的股票是買漲的
2675000	2676000	你給我的股票讓我漲了
2676000	2677000	你買當天就跌
2677000	2678000	那我一定告你
2678000	2679000	而且告你
2679000	2681000	而且告你有N個理由
2681000	2683000	特別是超過四個人以上
2683000	2684000	叫集體訴訟
2684000	2686000	贏的概率都在90%
2688000	2689000	據我所知
2689000	2690000	咱們戰友從40塊錢有買的
2690000	2691000	57有買的
2691000	2693000	還有170買的
2693000	2694000	美國的
2694000	2696000	加拿大的也有買的
2696000	2698000	小哥小哥那麼好也買了
2698000	2699000	一股
2699000	2701000	你買了一股和買一股
2701000	2704000	你的權利和權益是一樣的
2704000	2705000	就可以起訴他
2705000	2706000	起訴他的索賠
2706000	2707000	你的是多少嗎
2707000	2709000	不是說你買了一股
2709000	2710000	你就賠我一股的錢
2710000	2712000	不是我起訴你的時候
2712000	2714000	原因就是你操作股市
2714000	2716000	你讓我賠錢了
2716000	2719000	然後我要求賠的可以無限倍大
2719000	2721000	美國歷史上無數個案子可以查去
2721000	2723000	幾乎80% 90%起訴者都贏的
2723000	2726000	然後賠來的錢可能你買了一股
2726000	2728000	可能是賠萬股
2728000	2730000	很大錢的百萬都可能
2730000	2734000	最後我說經濟上誰是贏家呢
2734000	2735000	誰買了這些股票
2735000	2737000	不多又沒花很多錢
2737000	2739000	但是買的是高
2739000	2742000	買完高記錄它落下來
2742000	2743000	你沒有賣掉
2743000	2745000	你沒有資格起訴的
2745000	2746000	我買了高了
2746000	2747000	然後我賣了
2747000	2748000	這中間我賠錢了
2748000	2749000	就在這個短時間內
2749000	2752000	起訴幾乎90%到100%贏
2754000	2755000	就這麼簡單
2755000	2757000	那麼反過來又說了
2757000	2759000	對川普總統的最後一個危險
2759000	2760000	是什麼值得我們聽聽
2760000	2762000	你們沒有看今天的直播
2762000	2764000	回去好好看看
2764000	2768000	他的交易文件講述了他未來
2768000	2770000	當初我買這家公司
2770000	2772000	川普總統的這個TMTG未來還做什麼
2772000	2774000	幾乎你看這裡邊
2774000	2776000	謊話連篇
2776000	2778000	牛唇不對馬嘴
2778000	2780000	而且整個吳征這些人的背景
2780000	2782000	他全都沒有交代
2783000	2787000	這涉及到整個的所謂的欺詐
2787000	2790000	虛假文件
2790000	2791000	那誰要買了他股票了
2791000	2793000	那就賠大了
2793000	2795000	如果GTV當時被查的時候
2795000	2797000	只能找出任何一個文件
2797000	2800000	郭文貴或者當初GTV你造假了
2800000	2801000	我可以告訴你
2801000	2802000	七哥一定不是坐在這
2802000	2803000	是坐在監獄裡
2804000	2806000	天老頤都救不了你
2808000	2810000	沒有任何人可以躲過去
2810000	2813000	就現在你能聽到美國的檢察官
2813000	2814000	和法官的椅子
2814000	2815000	咯吱咯吱響的感覺了已經
2816000	2817000	大家咬牙切齒
2817000	2819000	就是中共能到美國
2819000	2821000	在不到100個小時
2821000	2824000	幾個小時洗劫被美國幾十億美元走
2824000	2826000	而且全是川普總統的
2826000	2828000	所謂反共的跟隨者
2828000	2829000	被共產黨洗走
2829000	2831000	而是Bernard Wu
2831000	2832000	Roger Stone
2832000	2833000	Sandberg
2833000	2834000	你們都知道的
2834000	2835000	還有PAGE
2836000	2838000	這美國人不都是傻子的反應嗎
2838000	2839000	你們記住
2839000	2842000	那麼那些文件誰也沒不了
2842000	2843000	誰也燒不掉
2843000	2846000	那是因為那個在SEC交通
2846000	2848000	大家接下來
2848000	2850000	還沒有公佈這個文件是什麼呢
2850000	2854000	就是整個TMTG和Truth
2854000	2855000	川普總統的平臺
2855000	2856000	他們這個交易
2856000	2858000	到底川普有多少股還沒有公佈呢
2858000	2860000	那個公佈更是炸裂
2861000	2862000	更是炸裂
2863000	2864000	綜上手術
2864000	2866000	川普總統這筆交易
2866000	2870000	是被無征中共情報機構運紅
2870000	2872000	還有銳環資本PAG
2873000	2876000	共產黨的情報部門連環性的操作
2876000	2879000	阻止川普總統加入蓋特
2879000	2880000	有政治影響力
2880000	2884000	同時達到讓他置入到可能的內線
2884000	2887000	內部交易操縱股票市場
2887000	2889000	欺騙美國股民
2889000	2891000	包括可能製造虛假文件
2891000	2894000	不時陳述欺詐股民
2894000	2897000	然後因此將導致大量的訴訟
2897000	2900000	甚至共產黨會安排無數個訴訟
2900000	2903000	導致川普總統永遠失去競選
2903000	2907000	2022年美國整個議員的資格
2907000	2909000	然後呢再一個2024年總統選舉
2909000	2912000	最後讓川普總統可能背上刑事罪
2912000	2914000	可能是他背上刑事罪的結果
2914000	2917000	不但一分錢拿不到全家族全家
2917000	2920000	這個罪一段線上全家族全家
2920000	2922000	所有人都會被牽扯在內
2922000	2924000	川普將注入極度危險之中
2924000	2927000	同時希望爆料革命新中國聯邦
2927000	2929000	也來攻擊川普總統
2929000	2932000	讓我們失去川普總統的所有跟隨著的信任
2932000	2934000	戰友們我們要做的事情
2934000	2937000	第一絕對不要批評川普總統
2937000	2939000	反而要揭發共產黨的邪惡
2939000	2942000	是共產黨的一場超限戰
2942000	2944000	我們要拯救川普總統
2944000	2949000	第三任何情況下都讓喚醒美國政治經濟界的
2949000	2951000	包括司法界的喚醒
2951000	2956000	PAG絕對在美國司法法院律師領域
2956000	2958000	它越來會暴露的越清楚
2958000	2961000	而且最終一定會被刑事調查
2962000	2966000	然後我要告訴大家一個重磅的猛料
2967000	2969000	從來沒說過
2969000	2970000	今天告訴你們
2970000	2973000	吳征夫什麼節目學美學的
2973000	2974000	現在啊
2974000	2976000	部長脫衣服不脫不脫了
2976000	2978000	不脫不脫
2986000	2988000	為啥江瑞克你記憶太壞了
2988000	2989000	為啥你不脫
2989000	2990000	人家脫啊
2991000	2992000	謝謝
2992000	2995000	脫了更好脫了更好看
2995000	2997000	我告訴大家
2998000	2999000	這是從來沒有說過的
2999000	3006000	吳征在2019年就被美國FBI刑事調查
3006000	3008000	我今天公開說的
3008000	3010000	這是我要負一切責任
3011000	3016000	2019年吳征就已經被美國FBI
3016000	3018000	包含他和中共的
3019000	3021000	大概七八個人吧
3021000	3022000	將近十個人
3022000	3024000	全部FBI刑事調查美國司法部
3027000	3029000	你知道這意味著什麼嗎
3030000	3033000	吳征是美國公民
3033000	3036000	不回美國接受刑事調查
3036000	3038000	所以從那天起再也沒回過美國
3038000	3040000	不接受美國的刑事調查
3040000	3042000	逃離美國
3042000	3045000	而且跟他的合夥人就是FBI的Frank
3046000	3049000	他還操縱了PAG的官司和法律
3049000	3054000	律師和法官和各方面操縱美國司法
3055000	3058000	更重要的在刑事犯罪調查期間
3058000	3062000	他簽署大量的這樣上訴文件並沒有披露
3062000	3065000	也沒像川普總統披露
3065000	3067000	包括他老婆楊瀾
3067000	3069000	包括他弟弟吳斌
3070000	3073000	包括李自中李韻中
3073000	3076000	所有這些都是刑事犯罪中的刑事犯罪
3078000	3082000	川普總統這個就SPAC他是過不去了
3083000	3085000	吳征是罪上加罪
3086000	3089000	共產黨現在把他抓了四次保釋出來
3089000	3093000	就是讓他繼續攻擊爆料革命和攻擊文貴
3093000	3099000	馬蕊強姦案和太平聯盟的所謂的虛假簽字案
3099000	3104000	然後又炮製了川普總統的這次SPAC攻擊蓋特
3104000	3108000	這是給所謂的投名狀要立功
3108000	3110000	但最終他會把華爾街
3110000	3114000	他會把整個參與的基金和律師事務所
3114000	3118000	和川普總統這些人都會推向法官
3118000	3120000	甚至推上刑事調查
3122000	3125000	這個結果咱花多少錢都要不來
3125000	3128000	因為在美國是講法律講證據的
3128000	3133000	你不把這些事情展現給美國公眾沒有人相信你
3133000	3138000	我們這次吳征完全肆無忌憚的
3138000	3141000	沒有任何顧忌的把太平聯盟、未還資本
3141000	3143000	所有跟我們案子相關的人
3143000	3146000	FBI的Frank、楊瀾、吳B
3146000	3149000	所有的人推向了一個平台
3151000	3154000	包括強姦案等這些過去所有的案子
3154000	3158000	這對美國我們爆料革命的所有過去發生的
3158000	3162000	對我們的法律超限戰和GTV虛假投訴
3162000	3166000	和我們正在進行的各種金融機構的虛假投訴
3166000	3169000	和他控制美國財富期間
3169000	3174000	美國這是上萬個幾萬個老百姓的財富啊
3174000	3177000	而且是利用了美國川普總統
3177000	3180000	美國的政治鬥爭的這是一個火藥桶
3180000	3183000	這兩個會拿這個東西互相鬥
3183000	3186000	最後幫助我們我們所做不到的
3186000	3190000	最後把事實和真相還原於美國社會
3190000	3193000	會把哈根巴森司法部的案子
3193000	3195000	埃利波伊迪、史蒂芬·溫
3195000	3198000	大家知道當時史蒂芬死在誰手裡
3198000	3200000	死在共產黨吳征的手裡
3200000	3203000	埃利波伊迪死在他手裡
3203000	3206000	這麼多人都因為吳征的折騰死在手裡
3206000	3207000	現在又來一波
3207000	3211000	這叫吳征死沾吳征的就滅了
3211000	3213000	唯一逃出來的就是班農先生
3213000	3215000	是吧沒有接受楊瀾找鑰匙
3215000	3217000	現在成了我們的戰友
3217000	3219000	剩下的所有跟吳征合都完了
3219000	3221000	這一次跟吳征合全完了
3221000	3223000	PAG所有這人Chris
3223000	3225000	所有人都得完
3225000	3226000	誰拿到這個錢呢
3226000	3229000	終身將徹底結束
3229000	3230000	咱走著看
3230000	3231000	我判斷啊
3231000	3235000	開盤星期一明天到下兩三周
3235000	3238000	股票可能回到10美金到20美金之間
3238000	3240000	最後都跌破10美金
3240000	3242000	然後這中間會有人往上抬
3242000	3246000	但抬下去的結果再掉下去
3246000	3247000	然後就是開始
3247000	3250000	川普總統就開始發現手裡錢燙手了
3250000	3252000	然後他會發現法律問題了
3252000	3255000	然後民主黨會在一個月以後
3255000	3257000	蓄積能量全面行動
3257000	3260000	準備在2020充分的利用吳征
3260000	3262000	共產黨送來的這個武器
3262000	3264000	內部的共和黨的反川者
3264000	3267000	也會充分的利用這個武器
3267000	3270000	我們永遠不要摻和美國的政治鬥爭
3270000	3273000	我們永遠支持川普總統
3273000	3275000	把我前這段說的話
3275000	3277000	木蘭馬上秘密翻譯主
3277000	3278000	讓正確的英文
3278000	3280000	咱們的英文現在一定要讓美國人審過
3280000	3282000	咱翻譯的英文人家都聽不懂
3282000	3284000	把時間人物
3284000	3287000	這個加上美國人能看得懂的英文
3287000	3290000	和其他國家的小魚種的文
3290000	3292000	加上數字
3292000	3294000	做成三分鐘以下的視頻
3294000	3296000	和超過90分鐘的視頻
3296000	3298000	包括放到YouTube上
3298000	3299000	放到蓋特上
3299000	3301000	馬上傳播
3301000	3302000	這是觀點很重要
3302000	3304000	先把共產黨的功給它破了
3304000	3307000	我們永遠不和川普總統為敵
3307000	3309000	永遠不攻擊川普總統
3309000	3310000	懂不懂
3310000	3312000	希哥今天這個PVT做咋樣啊
3312000	3313000	兄弟姐妹們
3313000	3315000	有沒有掌聲
3316000	3317000	太牛了
3324000	3325000	希哥的調查能力
3325000	3327000	對金融的理解的能力
3327000	3328000	是哪兒
3328000	3330000	草根小哥你覺得這是能忽悠的嗎
3330000	3332000	這說話能不能忽悠嗎
3332000	3333000	能那麼簡單嗎
3333000	3335000	你們都說說對我這一段的發言
3335000	3337000	你沒有啥感受啊
3339000	3340000	希哥我在想
3340000	3342000	就是川普總統本人啊
3342000	3344000	和他的家人或團隊的話
3344000	3346000	肯定不看我們的爆料革命
3346000	3348000	如果他每期就像我們一樣
3348000	3349000	緊緊跟隨的話
3349000	3352000	這個陷阱絕對就不可能就是落下
3353000	3355000	他不可能每期看的
3355000	3358000	他們家打高爾夫賺錢的時間都沒有
3358000	3359000	哪有可能
3359000	3361000	偶爾摟兩眼是可能的
3361000	3363000	不可能天天看
3364000	3365000	所以希哥提到了
3365000	3367000	這件事情對川普總統這樣的決定
3367000	3368000	是非常糟糕
3368000	3369000	非常糟糕
3369000	3370000	如果他早一點
3370000	3372000	就是能夠在我們爆料革命中
3372000	3374000	來聽取我們的一些建議的話
3374000	3376000	他可能不會落入到這樣的陷阱中
3376000	3378000	好的我們請Mary來講一下
3382000	3384000	我呢是美國公民
3384000	3387000	我也是一個川普總統的粉絲
3387000	3389000	所以呢在我心裡面
3389000	3391000	我一直覺得就是有
3391000	3392000	三個大英雄吧
3392000	3393000	一個是川普總統
3393000	3394000	一個是吳貴先生
3394000	3396000	一個是班農先生
3396000	3397000	我短一點
3397000	3399000	那我現在要講的就是格局上面
3399000	3400000	我覺得
3400000	3402000	川普總統他的口號就是叫
3402000	3405000	Make America Great Again
3405000	3407000	讓美國再次強大
3407000	3409000	所以他的那個重心全在美國上面
3409000	3412000	所以他確實是沒有去想要給我們滅共
3412000	3413000	或者怎麼樣
3413000	3415000	但是當我們看吳貴先生的時候
3415000	3417000	他建立的這個平台
3417000	3420000	是為將來的人類做的
3420000	3422000	就是包括了吳貴先生
3422000	3423000	時間到了
3423000	3424000	沒關係
3424000	3425000	尤其那個
3427000	3428000	好的謝謝主持人
3428000	3430000	我寧願相信
3430000	3434000	川普總統他做的這些決策是無辜的
3434000	3436000	他是中了共產黨的圈套
3436000	3439000	因為曾經那麼反共的一個總統
3439000	3441000	現在會跟CCP合作
3441000	3443000	他一定是被欺騙了
3443000	3444000	這是我的看法
3444000	3447000	然後我想問七個川普還有出路嗎
3447000	3450000	我們在這個過程中早已識破CCP的這個騙局
3450000	3452000	我們曾經有試圖過救他嗎
3452000	3454000	他是什麼樣的反應
3454000	3455000	好的謝謝
3456000	3458000	我回答你是
3458000	3461000	我覺得這個川普總統
3461000	3463000	咱們別太高看咱自己
3463000	3465000	人家川普總統不見得就覺得
3465000	3467000	像你們覺得七哥那麼了不起
3467000	3469000	保證這個千萬別這樣
3469000	3471000	咱別犯了路大腦袋食藥鹽的病
3471000	3472000	拯救全人類
3472000	3475000	他已經掌握全世界媒體話語權了
3475000	3477000	咱千萬別這樣
3477000	3478000	人家就不一定說
3478000	3479000	就像你們想像
3479000	3480000	七哥說的話
3480000	3482000	真像個有用的屁一樣
3482000	3483000	不見得
3483000	3484000	話就說了
3484000	3485000	我們沒有利益衝突的
3485000	3486000	是不是
3486000	3488000	人家覺得你是想讓人家加入蓋特
3488000	3489000	對吧
3489000	3492000	包括你沒滿足人家川普總統的要求
3492000	3493000	川普總統幾次開會
3493000	3495000	對我們的約翰對我們的戰友
3495000	3496000	多次去開會
3496000	3498000	又給簽字又啥的
3498000	3500000	而且我們蓋特給他兩個手機
3500000	3501000	就是蓋特他一直在用
3501000	3503000	就很多戰友說那個
3503000	3505000	就是那個川普45
3505000	3506000	那就是川普總統
3506000	3508000	是約翰親自交給他手裡邊了
3508000	3510000	我們準備的新手機
3510000	3511000	就是蓋特他一直在用
3511000	3512000	喜歡的不得了
3512000	3513000	那個就是他
3513000	3514000	但他不能公佈嘛
3514000	3515000	一公佈就
3515000	3517000	因為他把自己的IP身份
3517000	3518000	就賣給了SPAC了
3518000	3520000	他不能公佈嘛
3520000	3522000	那麼這些都是的
3522000	3525000	那麼川普總統對我們是很友好的
3525000	3527000	但是你不能說人家跟你友好
3527000	3529000	說人家給我三個億我不要
3529000	3530000	我要你一個億
3530000	3531000	還有條件的
3531000	3532000	你憑啥呀
3532000	3534000	那麼我們沒有資格說拯救人家
3534000	3536000	我們也沒這個沒這個書
3536000	3538000	但是我們也沒有像大家想像
3538000	3539000	告訴大家共產黨說
3539000	3541000	我們都沒有這麼做
3541000	3543000	因為這對我們來講
3543000	3544000	跟西方人打交道
3544000	3545000	這是不合適宜的
3545000	3547000	因為你有利益衝突
3547000	3548000	還有戰友說
3548000	3549000	包括尼克說
3549000	3550000	你會不會
3550000	3551000	咱們會不會救川普總統
3551000	3553000	別高看我們自己
3553000	3557000	我們先把自己救了才能救川普
3557000	3558000	先不咱叫人家
3558000	3559000	人家川普總統說
3559000	3561000	哎我需要你的意見說
3561000	3562000	這時候你說啥都可以
3562000	3565000	人家不需要你倆在這玩扯著嗓子喊
3565000	3566000	是不是啊
3566000	3567000	我這有更好的包子
3567000	3568000	我這有更好的肉
3568000	3570000	你這是啥呀
3570000	3573000	你這不是有毛病嗎
3573000	3574000	你像那九指腰
3574000	3576000	天天出售自由啊
3576000	3577000	民主啊
3577000	3579000	它一定是有目的的
3579000	3580000	它想騙你錢
3580000	3581000	你看路大腦袋
3581000	3583000	一弄就是重磅重磅啊
3583000	3584000	你還記得路大腦袋
3584000	3586000	在將近4個月120天
3586000	3587000	說的90天嗎
3587000	3589000	90天90天90天
3589000	3590000	什麼被臨門說
3590000	3592000	它都是有目的的
3592000	3594000	這個我告訴大家
3594000	3595000	還有個當時我說的
3595000	3596000	我說的90天
3596000	3597000	其中有三件事
3597000	3599000	都是當時沒有發生的
3599000	3600000	其中一個川普總統
3600000	3602000	當時就明確的說
3602000	3604000	10月3號以前他會加入的
3604000	3607000	而且明確我需要這個平臺
3607000	3609000	而且他說這個SPAC
3609000	3610000	他覺得不放心
3610000	3611000	他也不放心
3611000	3613000	所以那個時候也是包含這一個
3613000	3615000	包含有一個民主黨的
3615000	3617000	未來的總統最重要的人
3617000	3619000	也加入了咱們蓋特的
3619000	3621000	後來事務因為川普總統
3621000	3622000	沒覺得能加入我們
3622000	3624000	就把他事給停下來了
3625000	3627000	第三個就是
3627000	3629000	我們希望川普總統進不進來
3629000	3630000	加入這個之後
3630000	3632000	我們希望SPAC發生以後
3632000	3635000	我們才任命新的蓋特主席
3635000	3637000	和蓋特整個董事會成員
3637000	3638000	大家拭目以待
3638000	3640000	你看川普總統不來以後
3640000	3641000	看誰來 是吧
3641000	3642000	你們等著看
3642000	3644000	我們都做了人質以盡
3644000	3646000	讓川普總統和他的家人團隊
3646000	3649000	相信我們是仁義的
3649000	3651000	而且我們沒有任何
3651000	3653000	今天就川普總統說
3653000	3654000	你給我現在這個
3654000	3655000	一個億統統條件回來
3655000	3656000	一分都不會有
3656000	3658000	我們支持他
3658000	3659000	他今天再回來
3659000	3661000	今天投資者在20號就決定
3661000	3662000	川普再回來
3662000	3663000	一毛錢都沒有
3663000	3665000	更不可能有股份
3665000	3668000	而且就這也不一定讓他回來
3668000	3670000	為什麼蓋特最擔心的事情
3670000	3671000	是受到了
3671000	3672000	因為他回來
3672000	3674000	這些數據中心會把我們關掉
3674000	3676000	很多服務商都不給你服務
3676000	3677000	這是很大的事
3677000	3678000	草根小哥在這兒
3678000	3679000	越來越深刻
3679000	3681000	世界就這麽幾家
3682000	3684000	這是風險是巨大的
3684000	3686000	我到現在我不相信川普總統
3686000	3688000	第一他怎麽可能造出來一個平臺
3688000	3689000	讓他買
3689000	3690000	買完平臺以後
3690000	3692000	誰當他的服務商
3692000	3694000	有人買他當他的服務商
3694000	3695000	據我所知
3695000	3697000	他找出來團隊來管理
3697000	3700000	讓川普總統達到他的那個目的
3700000	3702000	成為川普社交媒體
3702000	3704000	我幾乎認為在不可能的
3704000	3706000	在2024年一起不可能的
3706000	3708000	這些不可能如果都能發生
3708000	3710000	也可能川普總統是超人
3710000	3712000	我們住院他發生
3712000	3713000	我們希望他發生
3713000	3715000	如果能幫助他發生
3715000	3717000	我們一分錢回報沒有的
3717000	3718000	可以支持他
3719000	3722000	但是我們由於蓋特和咱們的GTV
3722000	3725000	都有N個戰友投資和機構投資者
3725000	3727000	不是任何人可以決定的
3727000	3730000	為了避免川普總統加入的風險
3730000	3732000	我們一定選擇回避這種風險
3732000	3734000	但是我們可以無償的幫助
3734000	3735000	這都是會的
3735000	3737000	這時候我們不要攻擊川普總統
3737000	3738000	我們會幫他
3738000	3739000	但是我們也擔心他
3739000	3740000	我們唯一做的
3740000	3742000	所謂的你們說幫川普總統
3742000	3745000	讓他知道真相就是最好的方法
3745000	3746000	好 謝謝尼克
3748000	3749000	好的
3749000	3751000	小柯小柯有沒有什麼要補充的
3751000	3752000	詹姓謝謝
3752000	3753000	好的
3753000	3756000	我這還真有個消息各位幾個
3756000	3759000	就是說這個關於DWAC投資者
3759000	3762000	這個如果說發起訴訟能不能贏這個事
3762000	3763000	其實美國已經有先例了
3763000	3765000	就是美國有一個電動卡車公司
3765000	3766000	叫Nikola
3766000	3768000	他的創始人叫Trevor Newton
3768000	3769000	多次被調查
3769000	3771000	並且在今年7月底被判有罪
3771000	3775000	然後法官已經判他把所有上市
3775000	3776000	套取的所有利潤
3776000	3777000	必須要返還
3777000	3778000	然後他的罪名
3778000	3782000	其實比川普總統跟吳征這家公司
3782000	3783000	要少很多了
3783000	3784000	然後就是說
3784000	3787000	他這個罪名是計劃針對個人
3787000	3788000	非專業投資者
3788000	3789000	所謂撒貨
3789000	3792000	通過社交媒體電視等等這種播客
3792000	3794000	去直接或者間接的向投資公眾
3794000	3798000	做這種虛假的這個導向式的陳述
3798000	3801000	然後就是判處已經判處他有罪了
3801000	3804000	所以說如果說川普總統這個事
3804000	3807000	有DWAC投資者去起訴他的話
3807000	3809000	我覺得這次訴訟幾乎是100%
3809000	3811000	然後這個DWAC這個股票
3811000	3813000	也是從最高位的這個66美元
3813000	3814000	現在跌到10美元
3814000	3816000	幾乎也就發行價
3816000	3817000	我覺得這次事
3817000	3820000	這個就是說完全顯現出來了
3820000	3821000	您的這個智慧
3821000	3822000	就不參與美國政治
3822000	3824000	絕對不站隊這個偉大這個決定
3824000	3825000	現在顯現出來
3825000	3826000	就是說給川普總統
3826000	3828000	我們大家都很喜歡
3828000	3829000	很喜歡
3829000	3831000	但是大家想想那蓬佩奧先生
3831000	3833000	他對郭先生的情報還有建議
3833000	3835000	那更是深信不疑
3835000	3836000	然後戰友們更喜歡
3836000	3838000	然後這個我相信蓬佩奧先生
3838000	3839000	如果在競選2024
3839000	3841000	他最大的敵人一定不是民主黨
3841000	3842000	而是川普總統
3843000	3844000	謝謝
3849000	3850000	好的
3850000	3851000	好的
3851000	3852000	謝謝草根小哥
3852000	3854000	因為給草根小哥加持
3854000	3856000	是因為做得非常精彩
3856000	3857000	好的
3857000	3859000	我把我的時間就讓給草根小哥了
3859000	3861000	那有請我們的文貴先生
3862000	3864000	草根小哥這個
3864000	3867000	他真的是咱爆料革命鐵血組成員
3867000	3869000	包括從始至終的
3869000	3871000	我對他未來非常看好
3871000	3872000	我看好他
3872000	3873000	年輕
3873000	3876000	而且呢這個物性極高
3876000	3877000	物性極高
3877000	3879000	而且他特別辛苦
3879000	3880000	這個人嘛
3880000	3882000	年輕你在長得帥
3882000	3883000	你在有精力
3883000	3884000	你在辛苦
3884000	3886000	這個成功就跟你有緣分了
3886000	3888000	他絕不是說有什麼樣的爹
3888000	3889000	有什麼樣的媽成功
3889000	3890000	絕不是
3890000	3891000	絕不是
3891000	3894000	這個我是感受頗深的
3894000	3896000	就是剛才抓這個點是很對的
3896000	3898000	戰友們這次咱們的戰友們機會實際上
3898000	3900000	說實在最大的當初的時候
3900000	3901000	趕快買股
3901000	3902000	就是買
3902000	3903000	別買多
3903000	3904000	就買一股到十股
3905000	3907000	然後就在他跌
3907000	3908000	跌到多少不重要
3908000	3909000	跌百分之十
3909000	3910000	百分之五
3910000	3912000	就跌完就賣出去
3912000	3913000	你說就拿點錢
3913000	3914000	你割手裡割著唄
3914000	3915000	然後寫一個委託函
3915000	3917000	讓律師集體訴訟
3917000	3918000	你知道
3918000	3920000	好好查查美國歷史
3920000	3922000	你看看當時叫Forswago這銀行
3922000	3923000	中文叫啥了
3923000	3924000	叫Forswago
3924000	3925000	叫什麼美銀行
3925000	3926000	國美什麼銀行
3926000	3927000	叫美國這個
3927000	3928000	復國銀行
3928000	3929000	復國
3929000	3930000	復國銀行
3930000	3932000	你們好好看看他被起訴
3932000	3934000	你知道被賠的
3934000	3936000	那是幾十億美元當時
3936000	3937000	上百億美元
3937000	3939000	就是開戶口
3939000	3941000	就讓家人開噓頭戶口
3942000	3945000	差點把美國最大的
3945000	3947000	個人零售銀行
3947000	3949000	美國承受不起
3949000	3951000	最後是罰了上百億美元
3951000	3952000	拉丘到
3952000	3953000	但就這
3953000	3954000	他現在隨時可以倒閉
3954000	3956000	你知道私下裡邊給那告他人
3956000	3958000	有的人給的是
3958000	3960000	那有人就只存了幾十美金
3960000	3961000	那都賠幾十萬
3961000	3962000	幾百萬的
3963000	3965000	到現在都不拉倒
3966000	3967000	到現在都不拉倒
3968000	3969000	在美國歷史上
3969000	3970000	你玩這種東西
3970000	3972000	這就是美國為什麼偉大
3973000	3975000	到今天為止
3975000	3977000	我所有的問了基金的人
3977000	3979000	他們所有的錢
3979000	3980000	還要買美國國債
3980000	3982000	還要買美元
3982000	3984000	你這就是美國的國家偉大了
3984000	3985000	就是亞洲
3985000	3986000	非洲的國家
3986000	3988000	他知道美國的美元就是個紙
3988000	3989000	就是個信用
3989000	3990000	但還得來美國
3990000	3991000	美國國家安全
3991000	3992000	他有法治
3993000	3994000	就國內的很多大佬
3994000	3995000	也還是買美元
3995000	3996000	買美國資產
3996000	3998000	到目前美國還是這樣的
3998000	3999000	天天印鈔票
3999000	4000000	天天兌數
4000000	4001000	就在一定時間內
4001000	4002000	美元還是安全的
4002000	4003000	美資還是安全的
4003000	4006000	那就是從這一系列的法律行動上
4007000	4008000	你像徐家印
4008000	4009000	是吧
4009000	4010000	徐家印現在出來這個事情
4010000	4011000	就很明顯
4011000	4014000	你100%是政府在控制的市場
4014000	4016000	那你政府100%控制的市場
4016000	4019000	絕對你100%可以黑掉我的錢
4019000	4021000	沒有任何人
4021000	4023000	再去買徐家印的資產
4023000	4024000	再買他的債務去
4024000	4026000	這是個基本的常識
4027000	4028000	所謂的
4028000	4032000	徐家印貼線兌現了部分外面的利息
4032000	4034000	那是政治的壓力
4034000	4035000	威脅別人
4035000	4036000	你不能要
4036000	4037000	你不能公告
4037000	4038000	你不能再降級
4038000	4040000	我給你什麼補貼
4040000	4043000	但是那樣的話會更加火越來越大
4044000	4045000	20大前5座
4045000	4047000	20大以後死的會更慘
4047000	4049000	聰明人總是有的
4049000	4050000	所以這些人會離開
4050000	4052000	沒有人疼中共
4053000	4054000	你相比下來
4054000	4058000	就SCEC的歷史查了這麼多美國牛人
4058000	4059000	絕對得查個底兒掉
4059000	4060000	那麼這一次
4060000	4061000	剛才小哥說那個
4061000	4062000	你幾乎告
4062000	4064000	幾乎是百分之百的贏
4065000	4067000	你不允許你股票上市第二天
4067000	4068000	你就操縱
4068000	4069000	你就弄完騙走了
4069000	4070000	拉走錢一組寶
4070000	4071000	像中國那樣
4071000	4073000	絕對不可能發生在美國
4073000	4075000	百分之百不可能發生
4076000	4078000	你是一定把錢要吐出來的
4078000	4080000	而且讓你背上刑事罪的
4081000	4083000	所以說這回看上去吳征
4083000	4086000	和這個所謂的銳環資本
4086000	4088000	還有PAG的這個Chris
4088000	4090000	還有這個整個的運紅
4090000	4092000	還有共產黨的情報部門
4092000	4094000	搞川普一下子搞的
4094000	4095000	看上去什麼
4095000	4097000	你看看吳征折騰了一輩子了
4097000	4100000	老婆的子宮都折騰沒了
4102000	4103000	Sanamber
4103000	4104000	Steve Wynn
4104000	4105000	Elli Brady
4105000	4106000	Haggenbaden
4106000	4107000	Joe Lowe
4107000	4109000	有一個好下場的嘛
4111000	4113000	這個感覺非常好
4113000	4116000	最後他一定把老婆子宮折騰沒
4116000	4117000	把自己命折騰沒
4117000	4119000	把自己的弟弟吳斌折騰監獄
4119000	4121000	他一定是這個結局的
4121000	4124000	因為你玩的全是騙術
4124000	4128000	你玩的全是對別人有巨大的傷害
4128000	4130000	而且你所有的行為
4130000	4132000	都傷害了無關第三方
4132000	4135000	就是美國這些美尬的這些投資者
4135000	4137000	它不可能結束的
4137000	4139000	所以說這個時候
4139000	4141000	咱得往裡面擠吧
4141000	4142000	是不是
4142000	4143000	我蓋社來了
4143000	4144000	郭文貴來了
4144000	4145000	你擠這幹啥
4145000	4147000	美國要恨你就恨共產黨
4147000	4148000	恨吳征去
4148000	4149000	恨這個Chris去
4149000	4150000	恨PAG
4150000	4152000	恨到FBI全領導腐敗
4152000	4153000	是吧
4153000	4154000	誰偉大
4154000	4155000	沒有人偉大
4155000	4156000	我們躲得遠遠的
4156000	4157000	我們狗屁都不是
4157000	4158000	別看我們
4158000	4159000	我們啥都不是
4159000	4161000	咱沒觀點沒原則
4161000	4163000	就只是川普說的
4163000	4166000	千萬別在社交媒體把我們露出來
4166000	4167000	這是最傻的了
4167000	4170000	人家強姦犯和被強姦犯
4170000	4172000	在屋裡邊人倆都幹完事了
4172000	4173000	你出來在那邊
4173000	4175000	鼻子一把淚一把的
4175000	4176000	你痛苦
4176000	4178000	你又沒被強姦你痛苦啥
4178000	4179000	強姦的痛快了
4179000	4181000	被強姦的人家現在就深淵去了
4181000	4182000	你在那痛苦啥呀
4182000	4183000	是不是
4183000	4184000	你又不是強姦犯
4184000	4185000	你又不是被強姦者
4185000	4187000	人家倆不敢強姦被強姦
4187000	4188000	都有事實發生
4188000	4189000	都有感覺
4189000	4190000	你啥感覺
4190000	4192000	咱在那邊鼻子一把淚一把的
4192000	4193000	幹啥呢是吧
4193000	4194000	你想幹啥呀
4194000	4195000	咱躲得遠遠的
4195000	4196000	叫警察去處理去
4196000	4197000	有警察
4197000	4198000	懂了嗎
4198000	4199000	這就是我的觀點
4199000	4201000	感謝剛才草根小哥分享了
4201000	4205000	而且任何人買了股票的
4205000	4207000	應該和新中共聯邦聯繫
4207000	4209000	咱們應該如果願意的話
4209000	4211000	咱可以集體行動
4211000	4212000	集體行動
4212000	4213000	集體行動什麼
4213000	4215000	就是律師費你沒有的話
4215000	4216000	咱們給你出
4217000	4218000	掙了
4218000	4219000	你一半
4219000	4220000	人家律師一半
4220000	4221000	賠了
4221000	4222000	你一分不用出
4223000	4224000	是吧
4224000	4226000	如果今天直播前誰買這股票
4226000	4227000	誰就牛場了
4227000	4228000	那就牛了
4228000	4229000	是吧
4229000	4230000	掙了
4230000	4231000	那就大錢了
4231000	4232000	你不知道多少錢了
4232000	4233000	賠了
4233000	4234000	不會賠
4234000	4235000	是吧
4235000	4236000	這就是新中國聯邦的魅力
4236000	4238000	永遠是保賺
4238000	4240000	保證不讓你賠
4240000	4241000	這天沒這生意了
4241000	4243000	聽你們講講評價評價
4243000	4244000	謝謝
4251000	4252000	好的
4252000	4254000	我也沒有什麼好講的
4254000	4256000	我在想今天買還來得及嗎
4256000	4257000	就是我在想
4257000	4258000	我也去買個一股
4258000	4259000	然後人家爹的在賣
4259000	4260000	來了你來了你
4260000	4261000	對吧
4261000	4262000	那我就
4262000	4263000	可以的
4263000	4266000	我覺得是可以的
4266000	4268000	這是我代表個人意見
4269000	4270000	對
4270000	4271000	這是我的想法
4276000	4277000	我剛才的問題
4277000	4278000	七個已經回答了
4278000	4279000	實際上
4279000	4280000	大家都知道
4280000	4281000	在七個直播中
4281000	4282000	我曾經講過
4282000	4284000	我們有一兩百人的工程師團隊
4284000	4286000	在為川普總統打造這樣一個平台
4286000	4287000	當時還沒有公佈該特
4287000	4288000	所以我覺得
4288000	4289000	從我們的角度來講
4289000	4291000	我們是把川普總統當朋友的
4291000	4292000	他也確實就是我們的朋友
4292000	4294000	然後我們一直為川普總統
4294000	4295000	默默的在支持他
4295000	4297000	但是發生這樣的事情
4297000	4298000	我覺得我還是那個觀點
4298000	4300000	不是川普總統的錯
4300000	4302000	是因為有共產黨在背後做誰
4302000	4304000	然後他應該是掉入了
4304000	4306000	這樣的一個圈套和陷阱
4306000	4307000	所以從我爆料革命的角度
4307000	4309000	從我們爆料革命的角度
4309000	4310000	爆料革命戰友的角度來說
4310000	4312000	我非常同意文貴先生說
4312000	4314000	我們繼續支持川普總統
4314000	4315000	他依舊是我們的朋友
4315000	4316000	只不過說
4316000	4318000	要讓川普總統醒過來
4318000	4320000	或說看到這個事實的真相
4320000	4321000	確實不太容易
4321000	4322000	這個老頭他太倔強了
4322000	4324000	因為我們一直在試圖幫他
4324000	4325000	但他就是不聽我們的
4325000	4326000	包括之前這個
4326000	4328000	關於這個病毒的事情等等等等
4328000	4330000	包括他一直就沒說
4330000	4332000	CCP virus這件事情等等等等
4332000	4334000	所以我覺得從這件事情來說
4334000	4335000	是個好事吧
4335000	4336000	剛剛文貴先生講
4336000	4337000	讓他看到真相
4337000	4339000	這就是最大的一個意義所在
4339000	4340000	好的 謝謝
4343000	4344000	好的
4345000	4346000	就是我跟戰友們
4346000	4348000	就是各位三位強調一下
4348000	4349000	就我剛講那個叫Nicola
4349000	4351000	那家這個電動卡車公司
4351000	4352000	大家可以去查一下
4352000	4355000	他跟這個DWAC是一模一樣
4355000	4357000	也是通過這個Bike上市的
4357000	4359000	一模一樣各位
4359000	4360000	這個所以說
4360000	4361000	起訴的成功率
4361000	4363000	幾乎可以說是100%
4363000	4364000	如果說是我
4364000	4365000	我也買了他的股票
4365000	4366000	如果說贏了的話
4366000	4367000	到時候
4367000	4369000	這個換價那個真的
4369000	4370000	那叫什麼
4370000	4371000	不要你不要你
4374000	4375000	看來
4375000	4376000	看來還是少跟小哥
4376000	4378000	已經擁有這個股票了
4378000	4379000	對文貴先生
4379000	4381000	剛剛Rosemary問說
4381000	4383000	我接下來再買這個股票
4383000	4384000	還可以嗎
4384000	4385000	還來得及
4385000	4387000	我覺得是沒有任何問題的
4387000	4388000	趕快就是
4388000	4389000	現在能買的就快買
4389000	4390000	不要買多
4390000	4391000	你就買一股
4391000	4393000	或者十股之間就可以了
4394000	4395000	當然管用了
4395000	4397000	特別是全世界的
4397000	4398000	各國都管用
4398000	4399000	各國都管用
4400000	4401000	買還來得及
4401000	4402000	他們現在還有些
4402000	4404000	還想再學習幾把呢
4404000	4406000	還會有幾個相親戚夫婦
4407000	4408000	只要你賠了
4408000	4409000	你就可以告
4410000	4411000	你沒有任何風險嘛
4411000	4412000	你什麼風險都沒有
4412000	4413000	為啥不幹呢
4414000	4415000	但這買賣
4415000	4416000	這個前所未有的買賣
4417000	4418000	但是七哥一輩子不做這事
4418000	4419000	你們說你們可以做
4420000	4421000	這是可以的
4421000	4422000	買十股足夠足夠了
4422000	4423000	一到十股
4423000	4424000	一到十股
4424000	4425000	一到十股
4427000	4428000	什麼叫買這股
4428000	4430000	反正不是更害川大爺嗎
4430000	4431000	這紅牡丹
4431000	4432000	這戰友
4432000	4433000	這戰友真的是
4433000	4435000	我說有時候戰友回答的問題
4435000	4436000	我真沒法回答
4436000	4438000	怎麼會更害川大爺
4438000	4439000	你這麼小問題
4440000	4441000	你害得
4441000	4442000	你現在是救川大爺
4442000	4444000	你什麼叫害川大爺
4444000	4445000	你起訴了他
4445000	4446000	還能喚醒他
4446000	4447000	還能把共產黨消滅掉
4447000	4448000	他能揭發出來
4449000	4450000	在這裡我說一下
4450000	4451000	昨天我答應了一個戰友
4451000	4452000	這個戰友
4452000	4454000	最近看到了一個小孩
4454000	4455000	去買蘋果手機
4456000	4458000	去打媽媽的這個視頻
4459000	4460000	很多戰友
4460000	4461000	國內戰友說
4461000	4462000	七哥
4462000	4463000	你怎麼看
4464000	4465000	我已經有大概很長時間
4465000	4467000	不談父母和家庭的關係的事
4468000	4469000	我為啥不談呢
4469000	4470000	是因為
4471000	4472000	我海外的
4472000	4474000	親戚和家人的要求
4474000	4475000	說七哥你能不能不談談
4475000	4476000	這個父母家庭
4476000	4477000	因為你一談
4477000	4478000	我們就受不了
4478000	4480000	因為你知道我母親過世
4480000	4481000	母親躺在病床上
4481000	4483000	被共產黨給威脅給恐嚇
4484000	4485000	家人不能團聚
4485000	4486000	包括他們也不能團聚
4487000	4488000	所以我就不去
4489000	4490000	訴訟他們
4491000	4492000	那麼但是呢
4492000	4493000	所有人又想說
4494000	4495000	七哥就是因為
4495000	4496000	你對父母的觀點
4496000	4498000	改變了我和很多家庭的關係
4499000	4501000	但最近特別是病毒期間
4502000	4503000	這種故事太多了
4504000	4506000	我無法一一在這塊說出來
4507000	4508000	我認為一個人
4508000	4509000	七哥說過
4509000	4510000	我要讓我這樣的人
4510000	4511000	是不適合有家庭的
4512000	4514000	但是這個對你們來講
4514000	4515000	恰恰相反
4515000	4516000	我覺得只要和我不一樣
4516000	4517000	你們都適合有家庭的
4518000	4519000	甚至我認為你們沒有家庭
4519000	4520000	你們活著的意義
4520000	4521000	就完全不一樣
4522000	4526000	他不是說99.99的人類的生存
4526000	4527000	真正的你的價值
4528000	4531000	和你存在的安全和健康
4531000	4532000	所有的原因是因為你有家庭
4535000	4536000	我認為人類上
4536000	4538000	最最重要的關係
4538000	4539000	就是家庭關係
4541000	4543000	這就是弗洛伊德他的解夢
4544000	4545000	還有人際關係
4545000	4547000	還有你這個社會關係
4547000	4548000	所有的結構
4548000	4550000	他都是跟家庭的
4550000	4551000	也就是生殖劑的關係
4553000	4554000	更重要的事情
4554000	4555000	我認為是父母
4555000	4556000	我覺得中國這個國家
4556000	4558000	這個民族最偉大的就是父母
4559000	4561000	我很難想像
4561000	4562000	就那個小孩打他媽
4562000	4564000	他什麼原因他不說
4564000	4565000	那就是他疑
4565000	4567000	就是他旁邊的鄰居
4567000	4568000	他也不那麼大
4568000	4570000	那個小孩這麼大法
4570000	4572000	這說明了什麼
4572000	4573000	大家沒有看過
4573000	4575000	我曾經在我的公司的
4575000	4577000	過年的員工大會上
4577000	4578000	我講過一段
4578000	4582000	我說任何當盤古月達的員工和同事的
4582000	4584000	如果你不孝敬
4584000	4586000	你從第一天就不敢來這裡
4587000	4588000	還有一個我認為
4588000	4589000	如果你不孝敬
4589000	4591000	你過任何一個年
4591000	4593000	我認為都是對人類的恥辱
4594000	4596000	一個爹媽都不要的人
4596000	4597000	爹媽都不尊重的人
4597000	4599000	你說什麼我都不會尊重你
4599000	4601000	我不會把你當人看的
4601000	4602000	為什麼
4602000	4604000	我一再說我喜歡看動物世界
4605000	4607000	動物世界上這麼多年了
4608000	4612000	獅子和獵狗和豹子和大象
4612000	4614000	包括鱷魚
4614000	4615000	所有的鬥爭
4615000	4616000	就你吃我孩子
4616000	4617000	我吃你孩子
4617000	4618000	原因是啥
4618000	4619000	你吃了我孩子
4619000	4620000	我就吃你孩子
4620000	4622000	獅子要把獵狗
4622000	4624000	就那天我發了個視頻
4624000	4625000	那個說獅子自殺
4625000	4626000	那是錯的
4626000	4628000	後一段是他是挖獵狗
4628000	4630000	實際上把獵狗孩子給挖出來
4630000	4631000	是吧
4631000	4633000	所有的動物當你處
4633000	4635000	因為你要吃他孩子
4635000	4636000	他就處怒了他
4637000	4639000	也很少看到動物
4639000	4641000	他沒有這種倫理的
4641000	4642000	你像獅子到最後
4642000	4643000	女兒長大了
4643000	4645000	我是給你PK
4645000	4646000	我要當王了
4646000	4647000	我要當獅王
4648000	4649000	那咱倆咬
4649000	4650000	別人還不能參與
4650000	4652000	你要輸給我了
4652000	4654000	你滾你走得遠遠的
4654000	4656000	這些你這所有孩子我都給你吃掉
4656000	4660000	他這樣保持這個最殘忍的一個家族的循環
4660000	4662000	但是你千萬別忘了
4662000	4664000	獅子是靠什麼生存的
4664000	4665000	大家你們能回答我
4665000	4667000	獅子和老虎的生存方式
4667000	4668000	最大的不同是什麼
4668000	4670000	你四個誰能回答我
4670000	4671000	動物世界
4671000	4673000	這個你查不了電腦
4674000	4675000	一個是群體行動
4675000	4677000	一個是單獨行動
4678000	4680000	草根小哥可以啊
4680000	4681000	看你看你
4681000	4682000	你們學習完畢
4682000	4684000	加這個G這不是忽悠的啊
4684000	4685000	很多人忽悠的問題
4685000	4687000	老虎是單獨獵食
4689000	4690000	獅子是團隊獵食
4690000	4691000	家族獵食
4691000	4695000	這是獅子一般老虎一般到老了
4695000	4697000	老虎會活得很久遠
4697000	4700000	而且不是誰把他吃掉的
4700000	4702000	獅子不是被自己的家人吃掉
4702000	4703000	就是被別人吃掉的
4704000	4705000	還是團隊獵食
4706000	4707000	那麼其他的動物呢
4707000	4708000	千萬別忘了
4708000	4710000	都是母親是老大
4710000	4712000	動物世界幾乎都是母親為老大
4713000	4715000	男的都是幹活了
4715000	4716000	你知道了嗎
4717000	4718000	那麼我們回到人類
4718000	4719000	中國文明
4719000	4720000	兩種文化
4720000	4722000	愈宗愈悅愈碧
4722000	4724000	兩種文化還有什麼
4724000	4726000	母的女士文化
4727000	4729000	一切都是女士
4729000	4731000	很少展現男人生殖器的
4731000	4734000	女人的生殖器就是我們的天
4734000	4736000	是我們的一切
4737000	4739000	甚至先有人解除兩種文化
4739000	4743000	對卵子和精子的那個圖騰都畫得很像
4743000	4745000	淘氣就是我們的來氣的地方
4745000	4746000	神的代表
4747000	4748000	宇宙的代表
4750000	4753000	這才是出了所謂的龍的傳人
4753000	4754000	龍沒有
4754000	4755000	世界是沒有龍的
4755000	4757000	龍是想像出來的
4758000	4759000	編出來的
4759000	4762000	但龍在淘氣在兩種文化裡面
4762000	4764000	你是工具你是座棋
4765000	4766000	對不對啊
4766000	4768000	那麼你現在那個時候什麼事
4768000	4770000	罪都告不上女性
4771000	4773000	那你到中國到今天了
4773000	4775000	五千三百年前的中國文化到今天
4775000	4777000	我們對自己的母親如此不尊重
4777000	4778000	你算是人嗎
4779000	4782000	中國這個社會上什麼都可以不相信
4782000	4785000	但是這個母親的情是第一你一定要相信
4785000	4786000	第二才是父親
4787000	4789000	然後就是你家裡的兄弟姐妹情
4790000	4791000	這叫手足啊
4792000	4795000	這個共產黨的王八蛋來到中國
4795000	4797000	我說起來我就咬牙根子
4797000	4799000	就中國什麼都給毀了
4799000	4801000	居然能把家庭給我
4801000	4803000	爹親娘親不如黨親
4803000	4807000	我在我骨子裡最早反共產黨的本能就是我這個
4807000	4809000	他怎麼會比我爹我娘親呢
4810000	4811000	你給我糧食了嗎
4811000	4812000	你給我水了嗎
4812000	4814000	我小時候我沒有錢買褲衩
4814000	4816000	春天來了人家都有褲衩
4816000	4817000	我母親買了點紅布
4817000	4819000	給我八弟我六哥
4819000	4821000	拿剪子剪著拿手縫個紅布
4821000	4825000	還不等他放上那個索尼袋
4825000	4827000	我就已經系上就跑出去了
4827000	4829000	我母親給我縫的第一個紅布紗
4830000	4831000	你給我縫過紅布紗嗎
4831000	4833000	我餓的時候你給過我一個立糧食嗎
4834000	4835000	從來沒有過
4835000	4837000	我上學你還得讓我交學費
4837000	4840000	怎麼爹親還不如黨親呢
4841000	4843000	這是我的本能
4843000	4844000	那麼今天我們看到社會上
4844000	4848000	共產黨從來不去弘揚說應該孝敬父母
4849000	4852000	而且到今天體制內的黨員
4852000	4855000	是爹媽得了癌症不回家為榮
4855000	4857000	這種上絕人靜
4857000	4861000	真是天理輪回都被人寰全被毀了
4861000	4865000	所以共產黨的魔就從這一點就能看得很清楚
4865000	4867000	那麼現在出現了什麼
4867000	4869000	這種太子爺般的兒子
4869000	4872000	太子爺般的孫子打爺爺打奶奶
4872000	4875000	我在兩年前我記得我看過一個就是
4875000	4878000	兒媳婦打他老公爹
4878000	4880000	還有這個兒子打爸爸的
4880000	4881000	我跟你說
4881000	4883000	真的是什麼都讓我痛苦不了
4883000	4886000	但是我看到別人的孩子打老人
4886000	4888000	我這真是回身起雞皮疙瘩
4888000	4890000	回身不舒服
4891000	4892000	我就真的就感覺到
4892000	4894000	哎呀這簡直不可接受
4895000	4896000	接受不了
4896000	4898000	所以說很多戰友發了信息
4898000	4899000	我告訴大家
4899000	4901000	這是我們要滅共的根本的
4901000	4903000	七哥的第一起源
4903000	4905000	是七哥絕對不可接受的
4905000	4906000	而且新中國聯盟
4906000	4909000	不管你有什麼法什麼獨立什麼樣的形式
4909000	4913000	一個不把爹娘和家人放第一位的
4913000	4916000	不把愛和愛人放在第一位的
4916000	4918000	你永遠不會是新中國聯盟的人
4918000	4920000	我要在這裡再次重申
4920000	4921000	任何戰友們
4921000	4924000	如果你懷疑你父母和你父母哪不行
4924000	4925000	哪行哪不行
4925000	4927000	我告訴你你都沒有打他的權力
4929000	4931000	你都不能有侮辱他的權力
4931000	4933000	如果你要有但凡感恩之心
4933000	4934000	你應該孝敬他
4934000	4936000	最起碼你得尊重他
4937000	4938000	因為你來自於那裡
4939000	4941000	所以說我今天關於這個事
4941000	4943000	我要國內戰友的很多人說
4943000	4945000	你們在美國發表發表意見
4945000	4947000	也說一下別讓我一個人說
4950000	4953000	好的其實對於七哥講的
4953000	4955000	我是感同身受的
4955000	4957000	對於從小到大的話
4957000	4958000	我們村莊那邊
4958000	4962000	一個家庭裡面如果母親不行的話
4962000	4966000	整個家族完全是毀滅的狀態
4966000	4968000	但是女性決定了家庭的一些溫度
4968000	4971000	包括資深體的整個家族
4972000	4974000	對於共產黨這種的話
4974000	4977000	如果把我們所有的老人
4977000	4979000	我們的母親和我們的父親
4979000	4985000	都完全拋在我們所有人的後面
4989000	4994000	我覺得中國這個傳統
4994000	4996000	我是很難想像
4996000	4998000	我覺得這個獨生子女政策
4998000	5003000	確實是把下一代人寵壞了
5003000	5005000	我覺得像我小時候
5005000	5007000	我覺得只有思道尊嚴
5007000	5009000	父母對我們都是很嚴厲的
5009000	5012000	但是從來都是有敬畏之心
5012000	5014000	然後等到他們老了
5014000	5017000	我就覺得我們需要孝敬他們
5017000	5019000	我想像不出來有什麼原因
5019000	5022000	這個孩子可以去打母親
5022000	5024000	這是為什麼我想是中共
5024000	5026000	把那些孩子的腦袋洗壞掉了
5026000	5028000	我們一定要把中共幹掉
5028000	5030000	要把他趕出中國
5030000	5032000	救救我們的孩子
5032000	5034000	好了
5034000	5036000	尼克
5036000	5037000	好的 謝謝
5037000	5040000	我是經歷過失去自親的痛苦
5040000	5043000	然後從某種程度上來講
5043000	5045000	我的這位自親
5045000	5048000	他就是過失也是跟共產黨
5048000	5051000	這樣一個邪惡的社會是相關的
5051000	5054000	然後所以我從小
5054000	5057000	我也有這方面的這種家庭教育
5057000	5060000	就是說共產黨說的那些東西全是假的
5060000	5063000	包括當時打日本人全是扯淡的
5063000	5065000	什麼小米加步槍等等等等
5065000	5068000	所以我對共產黨的這種
5068000	5071000	就是這種不屑或者說那種憧憬
5071000	5073000	可能是從小在這個意識裡面就有的
5073000	5075000	所以我這一輩子沒有申請過
5075000	5077000	沒有寫過入黨申請書
5077000	5079000	儘管屬於是那種被
5079000	5081000	就是說被盯上說讓你寫
5081000	5083000	我就不寫了那種
5083000	5086000	所以我覺得可能最初的那個萌芽
5086000	5088000	就來自於那裡吧
5088000	5089000	好的
5089000	5091000	然後我覺得還有一方面原因就是說
5091000	5093000	中國的傳統文化裡面其實家庭
5093000	5094000	是非常重要的
5094000	5095000	而且是非常和諧的
5095000	5098000	但是我感覺由於中國的這種
5098000	5100000	歷史的環境歷史的這些經歷也好
5100000	5102000	上一代人跟我們這一代人
5102000	5104000	這種紅溝啊
5104000	5106000	就這種溝通上的這種障礙是
5106000	5109000	我覺得也是共產黨某種程度上造成的
5109000	5111000	所以好的
5111000	5112000	謝謝
5112000	5113000	好的
5115000	5116000	好的
5116000	5117000	其實中共最邪惡
5117000	5120000	我最痛恨它的地方之一就是說
5120000	5121000	它是除了分裂
5121000	5123000	就是在大局上去布局
5123000	5125000	跟國家這個人民分裂
5125000	5127000	在家庭裡面也搞分裂
5127000	5129000	因為它只允許有一種聲音
5129000	5131000	尤其是這個家人長輩
5131000	5134000	跟這個孩子很難是能統一一種聲音的
5134000	5136000	在這種觀念之下就是說
5136000	5138000	所以造就了這個
5138000	5140000	這個父輩啊跟子輩
5140000	5142000	然後之間的不和矛盾矛盾重重
5142000	5144000	我就記得當時那個文空先生
5144000	5146000	唱一句話滅共之後見爹娘
5146000	5148000	這個我特別贊同這一句話
5148000	5149000	謝謝
5150000	5151000	是的
5151000	5152000	我再補充一下
5152000	5154000	就是整個來說的話
5154000	5156000	這一塊就影響了我們很多年輕人
5156000	5157000	一些擇偶觀
5157000	5159000	包括我們的一個家庭觀
5159000	5162000	當初我在很多人給我介紹對象的時候
5162000	5164000	因為我來自農村非常貧窮
5165000	5167000	所以很多人就是說你本人條件挺好的
5167000	5169000	但是你去相親的時候
5169000	5171000	千萬首先先不要講
5171000	5173000	先不要講你父母沒有養老
5173000	5174000	或者是農民
5174000	5177000	他說等人家喜歡上你以後
5177000	5178000	你再把這個告訴他
5178000	5180000	但當時我都是否定的
5180000	5181000	我是這樣想的
5181000	5183000	哪怕我的父母他們真的是
5183000	5184000	真的是撿垃圾的
5184000	5185000	拾荒的
5185000	5186000	那都是我的父母
5186000	5187000	如果是這樣的就是
5187000	5188000	只要有條件的話
5188000	5190000	我一開始都是拒絕的
5190000	5191000	好謝謝
5194000	5196000	聽你們說這個家庭的時候
5196000	5198000	這個過去我講過
5198000	5202000	就是我父親母親的一副粗糙的手腕
5202000	5204000	就是真可以當劇了
5204000	5205000	是吧
5205000	5206000	從我上面一個哥哥
5206000	5208000	就是看到我母親去賣菜的時候
5208000	5209000	我哥當時當警察
5209000	5210000	我就躲著走
5211000	5213000	這是讓我很難受很難受的
5213000	5215000	當時就是我很小
5215000	5217000	我很小我知道這個就接受不了
5217000	5219000	為什麼你覺得母親會丟你的人呢
5220000	5222000	而且我是農民吧
5222000	5224000	我們就是村裡邊山裡邊出來的
5224000	5227000	你們知道我很早就走上社會了
5227000	5229000	我都以說我父親母親
5229000	5231000	他最最窮最最土
5232000	5236000	而且那種半年都不是一次找的父母是吧
5236000	5239000	那從來我覺得那是我的榮耀
5239000	5243000	那我但凡有了社會上一點影響力的時候
5243000	5244000	我認為父母
5244000	5246000	恰恰因為有這樣的父母都是我的榮耀
5247000	5250000	而且我到哪去我都領著我爹娘
5250000	5251000	我有啥都收心愛我父母
5251000	5254000	這是我認為我最早成長的第一步
5254000	5257000	也是我第一個夢想就是讓我爹娘
5257000	5259000	有飯吃有衣服穿
5259000	5261000	讓我老郭家的人在過上
5261000	5263000	真的是老郭家過上有尊嚴的日子
5263000	5264000	有飯的日子
5264000	5266000	我很快就實現了
5266000	5267000	結果很不幸的是
5267000	5270000	我從這個深圳販賣牛仔褲電子錶回來
5270000	5273000	給了我爹娘錢晚上就被警察給抓透了
5273000	5275000	我爹娘把我舉報了
5275000	5276000	說你哪來那麼多錢啊
5276000	5279000	這警察完了就會給我談半天
5279000	5280000	給我那個電子錶吃
5280000	5283000	弄個180塊錢幾十塊錢啊
5283000	5284000	然後給他弄個牛仔褲
5284000	5286000	就把我放上去成為好朋友
5286000	5288000	還幫我去賣東西去
5288000	5290000	就是父母的這種坦誠
5290000	5293000	和這種誠實的工程上的洗腦
5293000	5295000	我一點也不怪罪
5295000	5296000	我一點也不怪罪
5296000	5298000	而且我走哪都是為榮
5298000	5300000	任何一個人把父母忘掉了
5300000	5301000	你不會有運氣的
5301000	5304000	任何人你當你給父母做了什麼事情
5304000	5306000	你還想回報有個來回
5306000	5308000	你一定不會成功的
5308000	5310000	任何一個人
5310000	5313000	如果你對父母不發自內心的
5313000	5316000	真的是活著的佛活著的神
5316000	5318000	不論你有什麼信仰
5318000	5322000	我認為母親父親就是你活著的神
5322000	5324000	就是你活著的佛
5324000	5325000	你不這麼看待他
5325000	5328000	你不會有什麼奇蹟發生在你身上
5328000	5329000	什麼叫手足啊
5329000	5330000	什麼叫手足啊
5330000	5331000	你家裡親...
5331000	5334000	你自己的兄弟姐妹就是你的手足
5334000	5335000	你的嫂子妹妹妹夫
5335000	5336000	這都是你的手足
5336000	5337000	你不對他們好
5337000	5339000	你怎麼可能有其他朋友呢
5339000	5340000	怎麼可能呢
5340000	5342000	所以說我認為不管什麼宗教
5342000	5345000	說不允許疼父母
5345000	5346000	只允許相信神
5346000	5347000	對不起
5347000	5350000	這神我就不信了
5350000	5352000	我完全不信了
5352000	5354000	不論是基督教還是佛教
5354000	5356000	最後說是唯一的神
5356000	5358000	只能敬這個神
5358000	5359000	那我都不相信了
5359000	5363000	我認為什麼樣的教都要以父母為主
5363000	5367000	什麼樣的教都要以老婆孩子兄弟姐妹為主
5367000	5369000	什麼樣的群體都要以為主
5369000	5371000	沒這個你就都別扯
5371000	5373000	咱們這話說回來吳征
5373000	5375000	你們沒跟吳征楊瀾打過交道
5375000	5378000	就這倆人實際上是非常可憐的
5378000	5382000	就是楊瀾也知道吳征在拿他賺錢賣
5382000	5387000	他還有自己所謂打著一個情報部門的燕子的蛇子這麼工作
5387000	5388000	吳征也賣他
5388000	5390000	他也知道吳征嫖
5390000	5392000	吳征也知道他天天跟人家睡
5392000	5394000	倆人都是很痛苦的
5394000	5396000	你們有沒有想過
5396000	5399000	很多人你覺得你沒有擁有楊瀾
5399000	5400000	你是不是想擁有
5400000	5401000	你可以吵個小哥說
5401000	5403000	我要擁有個楊瀾多好啊
5403000	5405000	就省著公關費用了是吧
5405000	5407000	你接著可能是
5407000	5409000	你要擁有個吳征多好啊
5409000	5411000	你幫我去賺錢多好啊
5411000	5412000	然後我還有其他老公
5412000	5414000	你都是這麼貪的
5414000	5416000	你擁有一個吳征這樣的男人的時候
5416000	5418000	你知道的男人的時候你都太痛苦了
5420000	5422000	你擁有一個楊瀾這樣的老婆
5422000	5424000	你去想想你的老婆天天跟別人睡覺
5424000	5426000	你還不能說No
5426000	5427000	你痛苦痛苦
5427000	5428000	最關鍵你的錢
5428000	5431000	你和楊征、吳瀾咱倆弄的成功和錢
5431000	5433000	他倆的兒子
5433000	5434000	他有兒子有閨女
5434000	5436000	養三個孩子嘛
5436000	5438000	你想這些孩子大家怎麼看待吳征和楊瀾
5438000	5440000	他能騙他自己嗎
5440000	5442000	他這事怎麼幹的怎麼來的
5442000	5444000	共產黨的間諜啊
5444000	5445000	美國護照
5445000	5447000	然後呢楊瀾這子宮搞沒了
5447000	5449000	碎片國際
5449000	5451000	然後吳征到處是刑事犯罪
5451000	5453000	刑事調查
5453000	5455000	他不知道美國政府會找他嗎
5455000	5457000	他一定知道的
5457000	5459000	你圈這錢能拉倒嗎
5459000	5461000	關鍵吳征這錢他也花不了
5461000	5463000	白手套
5463000	5465000	花能花多少
5465000	5467000	吳征那個豬腦袋那個德性吃飯
5467000	5469000	花了一拉花花了一肚子
5469000	5471000	楊瀾都一臉的看不起
5471000	5473000	是吧
5473000	5475000	他也知道楊瀾是不是
5475000	5477000	也看不起他
5477000	5479000	你想想這人多活一天
5479000	5481000	他又多痛苦
5481000	5483000	他真的多活著
5483000	5485000	我希望吳征能活一千歲
5485000	5487000	我希望楊瀾能活一千零一歲
5487000	5489000	好好活著
5489000	5491000	這種掙扎的性格在佛教來講
5491000	5493000	這就是來人間受罪來了
5493000	5495000	人間活好了是人間
5495000	5497000	人間就是地獄
5497000	5499000	楊瀾拒絕大家在地獄裡活著
5499000	5501000	我不當人間地獄吧
5501000	5503000	孩子砍了自己死了
5503000	5505000	楊瀾同志決定
5505000	5507000	楊瀾你這麽自殺大孩子
5507000	5509000	我老娘覺得就這樣痛苦下去
5509000	5511000	睡一見男人
5511000	5513000	每天咬牙切齒
5513000	5515000	他看吳征罵吳征的時候
5515000	5517000	那麽表情就吳征一出去
5517000	5519000	他給七哥卡著樹頭
5519000	5521000	然後那腿滑了
5521000	5523000	那個感覺就是
5523000	5525000	你說吳征
5525000	5527000	看著吳征就覺得狗屎一樣
5527000	5529000	就覺得對面這個男人我還能睡了
5529000	5531000	我太成骨了
5531000	5533000	這個王八蛋吳征就是個垃圾
